14 0 5.5161643560794895e-06
14 1 3.7484493572793402e-06
14 2 4.2181604516521005e-06
14 3 5.9964287601001056e-05
14 4 8.041109203520476e-05
14 5 0.00015126502663679524
14 6 0.0003184759853479111
14 7 0.0006324214889233003
14 8 0.001258729568104577
14 9 0.002484934417410777
14 10 0.004925460553396094
14 11 0.010086535659469662
14 12 0.014235734209177927
14 13 0.02006600038919537
14 14 0.02603625756727774
14 15 0.033892851068241255
14 16 0.041358218000636576
14 17 0.05281739776374359
14 18 0.06648958976003684
14 19 0.08411099731096341
14 20 0.10177355854313481
14 21 0.12646587307456775
14 22 0.1498955028062288
14 23 0.1904173031642066
14 24 0.24855007878323637
14 25 0.4572895987469412
14 26 0.5116518096138754
14 27 0.5506781927337238
14 28 0.613509470522215
14 29 0.6643356157341361
14 30 0.7185965249247408
14 31 0.784778834184594
14 32 0.8168046015554652
14 33 0.898251583281957
14 34 0.9394070383259912
14 35 0.9944896995124792
14 36 1.099014897940464
14 37 1.1080108208602542
14 38 1.1999601716584334
14 39 1.2410726714636264
14 40 1.2782672996160171
15 0 2.3956963755910698e-09
15 1 1.7427352845119663e-05
15 2 7.644829732871958e-06
15 3 3.2234087886731885e-05
15 4 5.41116341756965e-05
15 5 0.00018268435396612273
15 6 0.0002358947203553722
15 7 0.000584421179939428
15 8 0.0011074280350270977
15 9 0.002361714574022694
15 10 0.004415968711422332
15 11 0.009112831950885036
15 12 0.013769081612678213
15 13 0.01921683883438522
15 14 0.025636279895158834
15 15 0.03240638949258129
15 16 0.0401409181942592
15 17 0.05158939473256606
15 18 0.06547047479610042
15 19 0.08045850510727313
15 20 0.09878510237732148
15 21 0.12292921430878077
15 22 0.1469432711705077
15 23 0.19196388424557537
15 24 0.2465465987895458
15 25 0.45633478046437276
15 26 0.5171656598292933
15 27 0.5662758211948314
15 28 0.6239037903345128
15 29 0.6545512427880956
15 30 0.7095861566364409
15 31 0.794909404629301
15 32 0.7971762413184317
15 33 0.8595736779336263
15 34 0.9088530571412226
15 35 1.0106441751377762
15 36 1.0732116478513216
15 37 1.1410909145202575
15 38 1.1903306889532155
15 39 1.2649979964598679
15 40 1.3341650578614976
16 0 4.753879724285245e-06
16 1 6.405768585489302e-06
16 2 6.367276746371275e-06
16 3 4.410094500549244e-05
16 4 6.777156130402625e-05
16 5 0.00015273405916865188
16 6 0.00019257380663113832
16 7 0.00048759397399981974
16 8 0.0009374251353571707
16 9 0.0019280499405654452
16 10 0.004064098845894891
16 11 0.00808905792370874
16 12 0.01295478329180059
16 13 0.018015920839473766
16 14 0.024206292733026935
16 15 0.032393580913640856
16 16 0.03974768178205618
16 17 0.05243455089793241
16 18 0.06438451215273756
16 19 0.07841481717933493
16 20 0.09897504030197196
16 21 0.12070119621672716
16 22 0.14489140190011346
16 23 0.18620039691280807
16 24 0.23543733726342203
16 25 0.4491664074010412
16 26 0.49659991825700206
16 27 0.5521913391449401
16 28 0.6107955085163278
16 29 0.6348160813524346
16 30 0.7103057459114789
16 31 0.7594805919394272
16 32 0.8084385977462699
16 33 0.8861847175081592
16 34 0.9327997204878253
16 35 1.0038487466262145
16 36 1.072228595901866
16 37 1.1223435027668631
16 38 1.189340940173659
16 39 1.25050811690816
16 40 1.3315788802941586
17 0 2.803921795162242e-06
17 1 1.56305524850678e-08
17 2 1.8558188753050297e-05
17 3 2.2082429498583633e-05
17 4 7.155826672471313e-05
17 5 0.00011245248863057853
17 6 0.00018253589159182953
17 7 0.0003694024763139486
17 8 0.0008261721515507116
17 9 0.0016951496597249179
17 10 0.003217155672198749
17 11 0.006788197232794303
17 12 0.012314347262438638
17 13 0.017868269063658578
17 14 0.023842781466527907
17 15 0.03026801848530679
17 16 0.03863486614942166
17 17 0.050350560169800065
17 18 0.0612726357368852
17 19 0.07617295197783791
17 20 0.09329626960970314
17 21 0.11886444403819753
17 22 0.14503194417838977
17 23 0.17429958905230494
17 24 0.22874662992617587
17 25 0.39465696670919553
17 26 0.5091840484529171
17 27 0.5574801464779541
17 28 0.6070987127065068
17 29 0.6516480960640534
17 30 0.7245282242968871
17 31 0.769225965427998
17 32 0.8015851979855869
17 33 0.8954290319721404
17 34 0.9378292250410443
17 35 0.9789418578953609
17 36 1.044981873470245
17 37 1.1260843066243187
17 38 1.2109210114796327
17 39 1.2405287237610023
17 40 1.330719966062805
18 0 9.971342513584067e-10
18 1 5.830444112577297e-08
18 2 1.7012626775613465e-07
18 3 1.1705074624392903e-05
18 4 5.167387044498325e-05
18 5 7.264192322067615e-05
18 6 0.00012321119532484017
18 7 0.0003405138839650209
18 8 0.0006186220852655888
18 9 0.001449790433993778
18 10 0.0028309505941684636
18 11 0.0058713211645934375
18 12 0.011023643705342881
18 13 0.016969372419521792
18 14 0.022425244628700387
18 15 0.03016060963291618
18 16 0.038714192283043874
18 17 0.048749359574670546
18 18 0.060201242080766895
18 19 0.07633664430286713
18 20 0.09784772767080205
18 21 0.11324719563965345
18 22 0.1396950683731324
18 23 0.17402406135185017
18 24 0.21547943194869418
18 25 0.327309931097509
18 26 0.5187279743990312
18 27 0.5480863267695646
18 28 0.6048966568566639
18 29 0.665601791049434
18 30 0.6880714901769268
18 31 0.7583349174243963
18 32 0.8082238123137372
18 33 0.871533924177325
18 34 0.9609169795104086
18 35 0.9763610965229076
18 36 1.0533072685928189
18 37 1.1454086079782766
18 38 1.193583531770523
18 39 1.2825281733479181
18 40 1.3013326103455174
19 0 1.5674713823157135e-06
19 1 5.465089675481111e-09
19 2 4.870560621424647e-06
19 3 6.1759704067318494e-06
19 4 3.843943071576243e-05
19 5 6.887261770596028e-05
19 6 0.00020037217722425273
19 7 0.0002980549426141716
19 8 0.0006504060394778029
19 9 0.0011705027952985086
19 10 0.0025500363427422134
19 11 0.005004916724316718
19 12 0.009926206657130341
19 13 0.015202204212250868
19 14 0.021685704073572728
19 15 0.029235890802070976
19 16 0.0367882709835613
19 17 0.047580816336680036
19 18 0.05936556032754806
19 19 0.07376985546386737
19 20 0.09136521912580854
19 21 0.11202280900372608
19 22 0.1378523228464049
19 23 0.17087370953509465
19 24 0.21541239430855394
19 25 0.29184509175110096
19 26 0.5148438800135003
19 27 0.5575387992933944
19 28 0.6037194257976236
19 29 0.6569688903794261
19 30 0.6904589360724896
19 31 0.7682262860125011
19 32 0.8327125467241653
19 33 0.8742838242278534
19 34 0.9525511036279913
19 35 0.9966696360404634
19 36 1.0551108791149788
19 37 1.1362139212568125
19 38 1.1880917122814816
19 39 1.2734451944072962
19 40 1.311896730691418
20 0 8.316029166477487e-09
20 1 1.3295165617204713e-05
20 2 1.7113092206792644e-05
20 3 3.557456862097282e-08
20 4 3.42799744475481e-05
20 5 3.405905944632288e-05
20 6 7.00074584496149e-05
20 7 0.00029612437486697246
20 8 0.0006117618184385597
20 9 0.0011970000549458213
20 10 0.002209500902825539
20 11 0.004098322877820232
20 12 0.007707548795571929
20 13 0.014470962216553977
20 14 0.020914765140970987
20 15 0.028255674786621728
20 16 0.036441738173074965
20 17 0.0456274893009618
20 18 0.05972927214743572
20 19 0.07186286564937698
20 20 0.08763268400318129
20 21 0.1098686358468233
20 22 0.13617642395061139
20 23 0.16605794711174834
20 24 0.19935905389623412
20 25 0.2887087111225479
20 26 0.5155579508350435
20 27 0.5581287969214854
20 28 0.6021713045980696
20 29 0.6401601129057175
20 30 0.6978675241121467
20 31 0.7449462184119972
20 32 0.8543405306131785
20 33 0.8723160550013179
20 34 0.9553598001547227
20 35 1.0176030376044698
20 36 1.1183980936090532
20 37 1.1343719113384239
20 38 1.177830879268447
20 39 1.2567960519041959
20 40 1.3391656072940026
21 0 2.937743397139729e-09
21 1 5.1075129166241986e-06
21 2 1.0025617063352195e-08
21 3 1.0409834578624013e-05
21 4 1.795065141444105e-05
21 5 4.200415443934836e-05
21 6 8.997271601646191e-05
21 7 0.000176791243218885
21 8 0.0003578934299442843
21 9 0.0008399361599510566
21 10 0.001798018559935066
21 11 0.0035557592768090006
21 12 0.006192618235973685
21 13 0.01272345368869183
21 14 0.019315128088151164
21 15 0.027451190481838132
21 16 0.03528339650666739
21 17 0.045157080305648765
21 18 0.05585614020227006
21 19 0.0726303567480112
21 20 0.09073557818315436
21 21 0.1097169153629551
21 22 0.13312330302714426
21 23 0.15713675803144325
21 24 0.2056744498875586
21 25 0.2724496412817226
21 26 0.52624425709287
21 27 0.5609218812971456
21 28 0.5967719299207577
21 29 0.6719754177713345
21 30 0.7210535544547149
21 31 0.7839486750000678
21 32 0.8008156626409912
21 33 0.8903524227853536
21 34 0.9474348760762338
21 35 0.980711319673171
21 36 1.0785493410270368
21 37 1.1155003853343468
21 38 1.1842330129108574
21 39 1.255988118237635
21 40 1.2814243534676555
22 0 1.4799600994029056e-09
22 1 3.731623714671909e-09
22 2 5.004443124484262e-09
22 3 5.778179551089538e-06
22 4 1.2623865228033421e-05
22 5 4.007772368000027e-05
22 6 6.073088848185706e-05
22 7 0.00023441056394036153
22 8 0.0003500937207549693
22 9 0.0008485691202689043
22 10 0.0015270020776423253
22 11 0.003073003397511186
22 12 0.005474822107592749
22 13 0.01045077372269999
22 14 0.01741692262167842
22 15 0.025675783259717436
22 16 0.03471047891549575
22 17 0.04375084984596523
22 18 0.05578434729305188
22 19 0.06861306545168269
22 20 0.08785016091146079
22 21 0.10804383175035992
22 22 0.12938136546708587
22 23 0.15977101842489655
22 24 0.19327668912665022
22 25 0.2582594475985373
22 26 0.4955164445831228
22 27 0.5596023265124244
22 28 0.609996874594669
22 29 0.6635482367152966
22 30 0.703589437594588
22 31 0.7765081693098543
22 32 0.8261340517134178
22 33 0.8814924646048128
22 34 0.9179252250147185
22 35 0.9982312194096022
22 36 1.0609506017294703
22 37 1.1315040076095049
22 38 1.1460195122839312
22 39 1.2601043030413748
22 40 1.3296813184157679
23 0 2.996493256937704e-09
23 1 3.506957586333541e-09
23 2 5.633033219506941e-06
23 3 7.556661231791743e-09
23 4 4.792566348197099e-06
23 5 3.00808998680568e-05
23 6 7.691099537815355e-05
23 7 0.00016388738111922652
23 8 0.0003065295381489388
23 9 0.0007186355695002933
23 10 0.0011401338661828368
23 11 0.002226602420085214
23 12 0.004217916159203424
23 13 0.008282075135714518
23 14 0.016019402373069862
23 15 0.023979993717838842
23 16 0.03178044758458896
23 17 0.04343836103536152
23 18 0.05415670712771226
23 19 0.06800095959842162
23 20 0.0841291219478422
23 21 0.10464849913930216
23 22 0.1288745495369991
23 23 0.1561965606652518
23 24 0.1898284550136079
23 25 0.2500479159718765
23 26 0.41789798183775
23 27 0.5590078599918484
23 28 0.6041308660882169
23 29 0.6709782380984188
23 30 0.7027283923685281
23 31 0.754804264016547
23 32 0.8387452302455416
23 33 0.8863750014796715
23 34 0.9343220413711495
23 35 1.0077015798062083
23 36 1.056963433039857
23 37 1.1203273301155756
23 38 1.1781208850567613
23 39 1.2548690539633838
23 40 1.3717339496023493
24 0 1.20252875543893e-09
24 1 1.697165274344462e-09
24 2 8.375094407429645e-06
24 3 3.2525376465052816e-06
24 4 9.975076047748817e-06
24 5 1.026902724213046e-05
24 6 7.554532514524194e-05
24 7 0.00011937032682099569
24 8 0.00019819833909082458
24 9 0.00040379382162754205
24 10 0.0009778779971803644
24 11 0.0016817240176003067
24 12 0.0034188188662409758
24 13 0.006488034489999931
24 14 0.013446276445093648
24 15 0.02177400071345181
24 16 0.03132227381132999
24 17 0.04091687342067296
24 18 0.053120044682648075
24 19 0.06674891409430997
24 20 0.08320304928500664
24 21 0.10094061700272153
24 22 0.1268295793878498
24 23 0.1541942363573778
24 24 0.19295509674967332
24 25 0.24713594729624377
24 26 0.378959287154971
24 27 0.5671507894453315
24 28 0.6010592481296207
24 29 0.6579940323979232
24 30 0.7139640865247988
24 31 0.7709798187289174
24 32 0.8134603508144135
24 33 0.8659312328935111
24 34 0.9285372951252321
24 35 0.992066083639683
24 36 1.0539431937326424
24 37 1.136091664675262
24 38 1.204972836926683
24 39 1.2640068407427363
24 40 1.311849702971191
25 0 1.6848978964473856e-09
25 1 1.7751306474854626e-09
25 2 4.133072218684064e-06
25 3 5.41876094762235e-06
25 4 4.5279328037102235e-07
25 5 1.134490959014827e-05
25 6 5.644242167233233e-05
25 7 7.763621438549323e-05
25 8 0.0001653044447007949
25 9 0.0002545551123410594
25 10 0.0007611410600573691
25 11 0.0014925863998249563
25 12 0.0026463386528172983
25 13 0.005727079672952391
25 14 0.010872871920079671
25 15 0.019510558441771762
25 16 0.03038956776550448
25 17 0.04035938455181277
25 18 0.05157058214154119
25 19 0.06669183666417453
25 20 0.083019174320988
25 21 0.10441147425792938
25 22 0.12395663418206977
25 23 0.14936543742433395
25 24 0.18468654888225602
25 25 0.24013730173592618
25 26 0.347025248981027
25 27 0.5689419836906817
25 28 0.6212790853800721
25 29 0.6684106485940587
25 30 0.7267005684897807
25 31 0.752376461700687
25 32 0.8311678389749569
25 33 0.8631619433191936
25 34 0.9425429410217253
25 35 1.0079107279135195
25 36 1.0943532918853205
25 37 1.134690416883763
25 38 1.174429499454038
25 39 1.2315182605406145
25 40 1.2995155652426855
26 0 1.3051130683827143e-09
26 1 2.868933084219783e-06
26 2 4.0127612019381586e-06
26 3 1.1190133643516516e-05
26 4 1.7791267332248666e-08
26 5 2.9921190892411253e-05
26 6 2.3807488061616408e-05
26 7 2.5760912857186015e-05
26 8 0.0001424866212745349
26 9 0.0003646324216183724
26 10 0.00047405882937500684
26 11 0.001122481663577917
26 12 0.00201900054492824
26 13 0.004002222608962177
26 14 0.008279172489402865
26 15 0.015969104938106805
26 16 0.026540361075450263
26 17 0.03776156007288218
26 18 0.05038523799137434
26 19 0.06408864279342502
26 20 0.08039096678490701
26 21 0.09954397317307577
26 22 0.12036860837486159
26 23 0.1490031978215006
26 24 0.17605032984317537
26 25 0.22306001923659569
26 26 0.3378023462591129
26 27 0.5607015145256634
26 28 0.6133565285766004
26 29 0.6457897659076018
26 30 0.7137036918213937
26 31 0.7718845011852454
26 32 0.7948683842346224
26 33 0.8688110065836436
26 34 0.9258988221143831
26 35 1.0070550257622182
26 36 1.0432895790237857
26 37 1.1205105600409664
26 38 1.202363119272099
26 39 1.2416841383440858
26 40 1.3218217475557905
27 0 8.558794455481217e-10
27 1 1.692147325197219e-09
27 2 7.030860145104079e-09
27 3 5.933697278440067e-09
27 4 1.454733048816021e-07
27 5 2.6061629679632505e-08
27 6 2.994267622712371e-05
27 7 3.0341504353658754e-05
27 8 0.00018949672345666818
27 9 0.00025803623900974733
27 10 0.0005136167749946416
27 11 0.0010152873965506375
27 12 0.0018811691137574442
27 13 0.003308745929255292
27 14 0.006824525414298879
27 15 0.011859299558200894
27 16 0.024072290026313604
27 17 0.034335058381304975
27 18 0.04753706290593793
27 19 0.061034831518127955
27 20 0.07759112410901589
27 21 0.09653317715389685
27 22 0.12006285986870378
27 23 0.15072095137468508
27 24 0.1724533612196572
27 25 0.2245662280699935
27 26 0.31206458634805306
27 27 0.5603338723151264
27 28 0.5972302667455526
27 29 0.6466109549200302
27 30 0.7039144577994674
27 31 0.7551952308143342
27 32 0.8298858657898889
27 33 0.888734971551444
27 34 0.9420955262272255
27 35 0.9860878982095577
27 36 1.0626800972953268
27 37 1.1224002957087926
27 38 1.1817513304612588
27 39 1.279510671903791
27 40 1.3255454476896558
28 0 9.223809421819073e-10
28 1 1.1089113480101267e-09
28 2 1.8974119648585003e-09
28 3 7.002442442207765e-09
28 4 1.2524315505449787e-08
28 5 2.1851203901856642e-08
28 6 3.7000723698714703e-06
28 7 3.564112019313413e-05
28 8 9.448624693173022e-05
28 9 0.00018712153200217788
28 10 0.00030329361680277216
28 11 0.0007156441690877001
28 12 0.001277296719262649
28 13 0.0029100984026523167
28 14 0.005316892758881154
28 15 0.010400663897330461
28 16 0.018822740619762877
28 17 0.031170473029528228
28 18 0.04666125786978294
28 19 0.05879942680031245
28 20 0.07630652982263492
28 21 0.09399475771832881
28 22 0.11715502036607277
28 23 0.14069409015714335
28 24 0.1709096491411422
28 25 0.22602842826091682
28 26 0.3044291920897597
28 27 0.5594000070798847
28 28 0.6103708400341709
28 29 0.655821366712985
28 30 0.6968063808231124
28 31 0.7364484753949004
28 32 0.8171107117278018
28 33 0.8788480582264773
28 34 0.9225149395139531
28 35 1.0085158972743207
28 36 1.084695601069814
28 37 1.0964899148952294
28 38 1.1741559839328077
28 39 1.2425279392383195
28 40 1.3203606170921176
29 0 5.08003965742848e-10
29 1 1.5569769437692784e-09
29 2 2.1214211858675335e-09
29 3 6.751944314107192e-09
29 4 1.462552595728889e-08
29 5 1.7665327053338138e-05
29 6 2.995553510025215e-05
29 7 2.9018606690699102e-05
29 8 5.154083823258919e-05
29 9 0.00010126686515074316
29 10 0.0002847583713048825
29 11 0.0004233794702632652
29 12 0.0011265388674835152
29 13 0.0021045375894015086
29 14 0.003871272637143858
29 15 0.007904845308260482
29 16 0.015419207123787792
29 17 0.028593044721004962
29 18 0.042600222975936734
29 19 0.05582980285213339
29 20 0.07196255861475359
29 21 0.09080621610971577
29 22 0.11177630230345001
29 23 0.138411844943794
29 24 0.16686521420498499
29 25 0.21442293743518576
29 26 0.29651628928204293
29 27 0.49449624057515446
29 28 0.6180175009083732
29 29 0.6691602764342198
29 30 0.7197501302100744
29 31 0.7626321814567737
29 32 0.795261713457611
29 33 0.8871023698675136
29 34 0.9184451184065628
29 35 1.01756208395089
29 36 1.026464399132656
29 37 1.1300410202504947
29 38 1.1996183368216404
29 39 1.2824487058074792
29 40 1.3165942706678104
30 0 4.90893886476627e-10
30 1 9.435640951136047e-10
30 2 2.590233297907104e-09
30 3 3.8427403851875415e-06
30 4 4.503076888433351e-06
30 5 1.4781304293292003e-05
30 6 6.374962252423591e-06
30 7 1.272386215303144e-05
30 8 6.217991678242637e-05
30 9 0.00013339188082891868
30 10 0.00024418617575031266
30 11 0.00047563221735969695
30 12 0.0008528967658606078
30 13 0.0016538278501552213
30 14 0.003272667264299287
30 15 0.006346058883870254
30 16 0.0119797381534362
30 17 0.02285568514097207
30 18 0.03761045251307108
30 19 0.05276511498526147
30 20 0.06899680769505606
30 21 0.0887155135026954
30 22 0.1129540860815548
30 23 0.1345504094067559
30 24 0.1662157118173605
30 25 0.20943439145279194
30 26 0.27831011104727615
30 27 0.42194827553804926
30 28 0.6122615297319329
30 29 0.6652738627552384
30 30 0.718845723786644
30 31 0.7648367290187909
30 32 0.8122178639504063
30 33 0.8951057397855755
30 34 0.9464705974715729
30 35 0.9910436150902775
30 36 1.098293935238416
30 37 1.1296555615772172
30 38 1.196708368604656
30 39 1.2392908474551247
30 40 1.3353361076621129
31 0 3.3073044455575993e-10
31 1 9.899177026921208e-10
31 2 1.4787569166606935e-09
31 3 2.3813176092077774e-09
31 4 8.522381748068562e-09
31 5 2.0296028041235524e-08
31 6 6.02544942484166e-08
31 7 1.374428345586787e-05
31 8 5.109360774237046e-06
31 9 0.00017012011203477168
31 10 0.00019988577903245385
31 11 0.0002702147475470947
31 12 0.0006321774559467119
31 13 0.001501057001605742
31 14 0.002427297853342428
31 15 0.004917533252382417
31 16 0.00937370915280048
31 17 0.017237670823665473
31 18 0.03227843956705067
31 19 0.050082668894757265
31 20 0.06751242553091558
31 21 0.08836422912519148
31 22 0.10394289366056085
31 23 0.13092524617346138
31 24 0.16275274620172553
31 25 0.20424207053530413
31 26 0.27145787648284286
31 27 0.3812994525654455
31 28 0.6189320002122651
31 29 0.671504519246576
31 30 0.6920175289136511
31 31 0.779385375922205
31 32 0.8180273936507221
31 33 0.8800587574666426
31 34 0.9398953879048327
31 35 1.0127405469076096
31 36 1.0791878912094803
31 37 1.1451689011984465
31 38 1.1666562210605709
31 39 1.2636672788095373
31 40 1.2929682878474038
32 0 3.8495247907021103e-10
32 1 1.5450553965984232e-09
32 2 1.6541374346384349e-09
32 3 3.9081998045781495e-09
32 4 6.105915720400092e-09
32 5 1.7177108088012653e-08
32 6 2.2304101051010083e-08
32 7 5.03449891492678e-06
32 8 2.8189893076766013e-05
32 9 7.411764096934314e-05
32 10 0.00010646619918059824
32 11 0.0002193707015335987
32 12 0.0005580520989607482
32 13 0.0011772199544199686
32 14 0.0018001569744459207
32 15 0.004171972703835838
32 16 0.006585216336366131
32 17 0.013308085737645437
32 18 0.02540788569490546
32 19 0.04478978449837179
32 20 0.06071779562369834
32 21 0.08273550311839645
32 22 0.10023540308317767
32 23 0.12971590068325412
32 24 0.16534515736388222
32 25 0.1989165446769043
32 26 0.24842953033939963
32 27 0.37144001181363606
32 28 0.6109126269622976
32 29 0.6610652342433686
32 30 0.7026535754969061
32 31 0.7697110410206162
32 32 0.811409282818783
32 33 0.8829662499264103
32 34 0.9331789253622437
32 35 1.0005961387321005
32 36 1.030820007238668
32 37 1.156172759180849
32 38 1.1674465988905807
32 39 1.2414258839322478
32 40 1.2919108743345131
33 0 3.569896525453086e-10
33 1 1.0546924753260109e-09
33 2 1.9051692278692316e-09
33 3 5.054094561736059e-06
33 4 7.31433807079255e-09
33 5 1.0642311564297282e-08
33 6 2.3238458969050505e-08
33 7 5.6799260822173604e-08
33 8 2.8314991842829896e-05
33 9 3.745902486716591e-05
33 10 0.00015095081483706263
33 11 0.00028394103504606984
33 12 0.00042308745401894293
33 13 0.0008411071508360028
33 14 0.0015812376567463213
33 15 0.002858318902500452
33 16 0.006224534698821486
33 17 0.011271862036841648
33 18 0.019827713467307752
33 19 0.0390471137579341
33 20 0.062039876013647584
33 21 0.0791359641168397
33 22 0.10429439895094272
33 23 0.1266330624561765
33 24 0.15417440338862587
33 25 0.19328098757397563
33 26 0.2435491389627399
33 27 0.3390775381014105
33 28 0.5969716531184213
33 29 0.6557873923865307
33 30 0.6953190057001715
33 31 0.769181765845127
33 32 0.8181263972664402
33 33 0.9044878240041189
33 34 0.9335381771375636
33 35 1.0133331218866357
33 36 1.0575757241634662
33 37 1.096363805630482
33 38 1.2081404871984633
33 39 1.2490105903886146
33 40 1.328965438082743
34 0 3.182720633478487e-10
34 1 9.510567659602963e-10
34 2 1.6020359581396214e-09
34 3 3.662034664186535e-09
34 4 5.422503210218199e-09
34 5 1.2908557784554908e-08
34 6 2.239854863240942e-08
34 7 4.431898174925125e-08
34 8 1.0151837065481902e-07
34 9 1.573586747913977e-05
34 10 4.882912228893272e-05
34 11 0.0002149206587211643
34 12 0.00023830886782709828
34 13 0.0007452909358114296
34 14 0.001445758650753305
34 15 0.0023489767615302638
34 16 0.004166017248207383
34 17 0.008485672033550933
34 18 0.01668016881417038
34 19 0.0293803580025996
34 20 0.053337856525266895
34 21 0.07588187005419006
34 22 0.09705115866665724
34 23 0.12192500943948446
34 24 0.15556417206507964
34 25 0.18872744078616926
34 26 0.2458459026955349
34 27 0.3312980868643495
34 28 0.6047879927645345
34 29 0.6791622850272802
34 30 0.6988768770216658
34 31 0.7691902092692784
34 32 0.8283534571555344
34 33 0.8809041621218541
34 34 0.947192431461759
34 35 1.002892277945312
34 36 1.0476627434065144
34 37 1.1362282731082738
34 38 1.2196402767400487
34 39 1.258925447619476
34 40 1.286248342050338
35 0 4.018894537103388e-10
35 1 8.418371613550096e-10
35 2 1.5155190583552462e-09
35 3 2.5261270629317547e-09
35 4 1.0726015304337521e-08
35 5 8.592997103386436e-09
35 6 2.4121477300927114e-08
35 7 3.801764582523748e-08
35 8 3.593737833052929e-05
35 9 2.5461217437408187e-06
35 10 5.050245424796585e-05
35 11 0.00018887048386052857
35 12 0.0002097106888278461
35 13 0.0004712426937610516
35 14 0.0007890329931579569
35 15 0.0024887464236613022
35 16 0.003928470368016024
35 17 0.00679174272116694
35 18 0.012511375202230451
35 19 0.025159913405152695
35 20 0.04490794142241729
35 21 0.06864037336297625
35 22 0.09424931908788987
35 23 0.11839914850133086
35 24 0.14955797064090462
35 25 0.18501980147036612
35 26 0.22855323862905935
35 27 0.3058404974003592
35 28 0.6033778495322586
35 29 0.6440610448565812
35 30 0.7073635256512516
35 31 0.7651341741694212
35 32 0.8555985341032017
35 33 0.8579321087843502
35 34 0.9049338267363694
35 35 1.003873843327722
35 36 1.056351957876658
35 37 1.09755823189279
35 38 1.1917670842282966
35 39 1.271460030361907
35 40 1.3229060835677613
36 0 3.8255046206758547e-10
36 1 8.708128663490725e-10
36 2 1.4252643674083339e-09
36 3 2.7474592789081766e-09
36 4 5.849585562040595e-09
36 5 9.776539506662643e-09
36 6 2.1755420755475134e-08
36 7 5.0954999488555606e-08
36 8 7.436645150007739e-08
36 9 1.4195195097509364e-07
36 10 1.893356645985455e-05
36 11 0.0001239793286998082
36 12 7.52431121964939e-05
36 13 0.0003577098350354191
36 14 0.0005421578572120671
36 15 0.0015929792530198484
36 16 0.003184529676568299
36 17 0.006302640473037356
36 18 0.011996401618322298
36 19 0.020905262872351484
36 20 0.038500936181260895
36 21 0.06364709171874813
36 22 0.09070390042530567
36 23 0.11664094728733419
36 24 0.14188139643546416
36 25 0.17780668485897758
36 26 0.21880661896690823
36 27 0.30674099747536154
36 28 0.5099966432519585
36 29 0.6565351474345795
36 30 0.7074109318594428
36 31 0.7658432111414438
36 32 0.8161867789059382
36 33 0.9061098615031502
36 34 0.9410718205144427
36 35 1.0100906625138952
36 36 1.0566618408227544
36 37 1.1393988747898518
36 38 1.2104044299259122
36 39 1.2615663691528622
36 40 1.293131374822951
37 0 4.027088300800402e-10
37 1 9.860126340257612e-10
37 2 1.3900758213934463e-09
37 3 8.20816500036656e-09
37 4 3.945313275282716e-09
37 5 1.0748090756013977e-08
37 6 1.8163071571706385e-08
37 7 1.6959198511143116e-05
37 8 7.622757557255912e-07
37 9 6.138784277132564e-06
37 10 1.2635681272380529e-05
37 11 5.2388870304608335e-05
37 12 0.00012149602872404918
37 13 0.00021246722993549966
37 14 0.00047807618814426755
37 15 0.0015371970936775567
37 16 0.0026800197891466526
37 17 0.004669523094155909
37 18 0.009331697577636843
37 19 0.01703659104527135
37 20 0.034189211925199615
37 21 0.05913100239359096
37 22 0.08305351966742039
37 23 0.10864081307392194
37 24 0.14015269939727426
37 25 0.17598183189947175
37 26 0.22136534262050436
37 27 0.2904138162923479
37 28 0.46574986577778044
37 29 0.6465739390063445
37 30 0.6814167902873866
37 31 0.7836781828251728
37 32 0.7874864365952344
37 33 0.9008600275859884
37 34 0.9283045725505663
37 35 0.9998981922341879
37 36 1.0361063105650277
37 37 1.104743664741537
37 38 1.1699398505440974
37 39 1.2743054874000919
37 40 1.3274499495544185
38 0 4.421857120601974e-10
38 1 1.0949449115107816e-09
38 2 1.5904106652357798e-09
38 3 4.7695630195876646e-09
38 4 6.614942457856108e-09
38 5 7.805335318384511e-09
38 6 2.9317758107953456e-08
38 7 3.947366892249998e-08
38 8 1.9609058090223818e-07
38 9 1.263959515018466e-07
38 10 3.813485801468128e-07
38 11 0.0001454402949189217
38 12 0.00017521393166230136
38 13 0.0002856070863409096
38 14 0.0005652645439370522
38 15 0.0009731294690990812
38 16 0.0020758370278061242
38 17 0.004056355217948541
38 18 0.00752439212169061
38 19 0.015111270590515048
38 20 0.030100793045921767
38 21 0.054837427095594936
38 22 0.07980218236319574
38 23 0.10591724182613996
38 24 0.13889888473893997
38 25 0.17261933301065008
38 26 0.21659416547262464
38 27 0.27168774072818097
38 28 0.42931007812624983
38 29 0.6538750801556091
38 30 0.6938433034679509
38 31 0.7947307640075479
38 32 0.830898050955568
38 33 0.8791005570285828
38 34 0.9199788952768293
38 35 1.027857080644541
38 36 1.052521511093243
38 37 1.1049335766946238
38 38 1.153488612377244
38 39 1.2634298038575063
38 40 1.3502721124550132
39 0 5.104070697057248e-10
39 1 1.117887409964387e-09
39 2 1.727440685251229e-09
39 3 4.8579896165159e-09
39 4 5.796543710162576e-09
39 5 9.440507619326841e-08
39 6 1.6899790572371994e-08
39 7 3.0933639187307835e-08
39 8 7.486955236420454e-08
39 9 1.2176119368695506e-07
39 10 3.6600608427464716e-05
39 11 3.542732713684659e-05
39 12 5.916280212308531e-05
39 13 0.00038621867954032496
39 14 0.000363368787109414
39 15 0.0008605709983349581
39 16 0.0018436276786802956
39 17 0.0034307852884160597
39 18 0.007874534402977485
39 19 0.01405729242997144
39 20 0.026194284469756163
39 21 0.05188188745925947
39 22 0.07567363597976345
39 23 0.10678507203561621
39 24 0.13303973158857121
39 25 0.17001271469387705
39 26 0.2102532818135263
39 27 0.2666091939503143
39 28 0.3929869023140698
39 29 0.6678063420485156
39 30 0.6871206216221386
39 31 0.7581664594918007
39 32 0.8249742323032675
39 33 0.8800015311621963
39 34 0.9393714345875851
39 35 0.9929716659031445
39 36 1.0354497477101896
39 37 1.094819481271255
39 38 1.1853706471478886
39 39 1.2589090955374251
39 40 1.3240221218873423
40 0 5.851298221021991e-10
40 1 1.3164858309829874e-09
40 2 2.0482246509819106e-09
40 3 2.704934223442423e-09
40 4 5.0781341539171e-09
40 5 9.173542969572702e-09
40 6 2.2243675687591386e-08
40 7 6.837982220149066e-08
40 8 5.083588381033799e-08
40 9 2.1836066932922286e-07
40 10 2.8311838715618394e-05
40 11 3.2623122900334464e-06
40 12 5.978133965884482e-05
40 13 0.00022248846492845567
40 14 0.0003132167163848319
40 15 0.000709348837847174
40 16 0.002064058491897791
40 17 0.0035355916117062827
40 18 0.0067160397368274585
40 19 0.01323818669735544
40 20 0.02324351788699677
40 21 0.04633842858447223
40 22 0.0759375931157234
40 23 0.1062460285883955
40 24 0.13062252808349903
40 25 0.1611339659942294
40 26 0.20683386101156892
40 27 0.2604065957161358
40 28 0.36966266660186664
40 29 0.6612111289441626
40 30 0.6900802172373461
40 31 0.7454881427603508
40 32 0.8184509258262511
40 33 0.8810191176281594
40 34 0.9810001424073708
40 35 0.9834773571316613
40 36 1.0453766411093102
40 37 1.121147092636988
40 38 1.1844489137022876
40 39 1.231070753571138
40 40 1.311414108839053
41 0 7.292253575712507e-10
41 1 1.8942941306451612e-09
41 2 3.5186507471395667e-09
41 3 3.828301044470145e-09
41 4 6.049133427724213e-09
41 5 1.0814199745722156e-08
41 6 1.9757370851578406e-08
41 7 1.2973424766805037e-05
41 8 8.09842308691662e-08
41 9 5.1410675728390195e-06
41 10 3.849656664417055e-05
41 11 3.293509297529505e-05
41 12 7.13982072611952e-05
41 13 0.0001869182383496426
41 14 0.0005492373099953499
41 15 0.0006084021674743394
41 16 0.0015675136280239132
41 17 0.0026033695514676948
41 18 0.00585069748221066
41 19 0.012787612015466437
41 20 0.024154541626339662
41 21 0.044096704912125674
41 22 0.07594174651997478
41 23 0.09938098920051586
41 24 0.1306370477427969
41 25 0.16156250951908788
41 26 0.20150523999225275
41 27 0.2550395724608753
41 28 0.3544462519197023
41 29 0.6561646056874286
41 30 0.7053323866523621
41 31 0.7729776204472318
41 32 0.843801643623907
41 33 0.8623610040210012
41 34 0.9610916437292719
41 35 0.9884668347748826
41 36 1.0914803612006858
41 37 1.0985654607198174
41 38 1.148411438960647
41 39 1.2032487329661787
41 40 1.3450127878515203
42 0 8.672561052725164e-10
42 1 2.0632871620091555e-09
42 2 2.4267454416481777e-09
42 3 3.509493967085829e-09
42 4 5.102032994501126e-09
42 5 9.498050862742868e-09
42 6 1.9872433233857846e-08
42 7 3.555999619245084e-08
42 8 1.7236116603177817e-07
42 9 7.327101057877426e-07
42 10 6.208948748823775e-05
42 11 1.9819052484448727e-05
42 12 0.00010501895371135056
42 13 0.0002110416039063642
42 14 0.00038031688007156
42 15 0.0008600492273312067
42 16 0.0017078802891674662
42 17 0.0024845031024646625
42 18 0.0062624769884355455
42 19 0.01234295782854567
42 20 0.022824870453537996
42 21 0.043217791326470155
42 22 0.07230241399618889
42 23 0.0955171074510455
42 24 0.128903308789794
42 25 0.16543189933276725
42 26 0.1997482624926924
42 27 0.24961542028829375
42 28 0.3449849703210265
42 29 0.644393504141508
42 30 0.7188042007735921
42 31 0.7615809849481153
42 32 0.8301670453560053
42 33 0.874933170408906
42 34 0.9464809737784948
42 35 1.01063211673572
42 36 1.089990888183805
42 37 1.1066928737411645
42 38 1.2054133674667886
42 39 1.2721208775161075
42 40 1.3411182534225892
43 0 1.0544836544575804e-09
43 1 3.806448011873486e-09
43 2 2.842077460020827e-09
43 3 3.760382046265057e-09
43 4 6.789636986877031e-09
43 5 1.870454842124459e-08
43 6 2.3650878170891056e-08
43 7 4.8681991748792504e-08
43 8 1.897855279884583e-05
43 9 2.150878952071725e-07
43 10 2.8342642617174274e-05
43 11 1.4545913767669399e-05
43 12 3.6711917150154354e-05
43 13 0.00013401973603872647
43 14 0.00028907356996598965
43 15 0.0005507535706774224
43 16 0.0017164617914972005
43 17 0.002764722983015028
43 18 0.005764812311899667
43 19 0.011141589126477875
43 20 0.022500517615609634
43 21 0.04242215284063603
43 22 0.07254026770671118
43 23 0.09628602953052989
43 24 0.12359598659045207
43 25 0.1589659027000428
43 26 0.20306174036403468
43 27 0.2494753640266872
43 28 0.3433204310731258
43 29 0.6487077930936713
43 30 0.7317303924880948
43 31 0.7742554815451361
43 32 0.8242202891989465
43 33 0.8548566481091635
43 34 0.9204259458945871
43 35 1.003304764789436
43 36 1.0677979206102133
43 37 1.1010627691148835
43 38 1.224369105440494
43 39 1.2699055080608623
43 40 1.2579674020726321
44 0 1.328681564320106e-09
44 1 2.742318051007324e-09
44 2 4.380826482695399e-09
44 3 3.839918227093494e-09
44 4 6.063027288923569e-09
44 5 1.8660179606405102e-08
44 6 2.220300120793289e-08
44 7 3.6239780154991473e-08
44 8 1.249084369647247e-07
44 9 1.7360127697855894e-07
44 10 3.1339569935504437e-05
44 11 7.4117001742089475e-06
44 12 9.455377193003695e-05
44 13 5.218913236727912e-05
44 14 0.00024005199514713223
44 15 0.0006841288402000009
44 16 0.001867278681354697
44 17 0.002539574378181189
44 18 0.005413068522698948
44 19 0.011014421771425949
44 20 0.021957586879865737
44 21 0.04135449761392872
44 22 0.06977863902300785
44 23 0.0968854914313373
44 24 0.12109059619330378
44 25 0.1577156498173544
44 26 0.19419834686435897
44 27 0.24018208493588944
44 28 0.327733003020133
44 29 0.647233710407702
44 30 0.6968040588354668
44 31 0.756476336947434
44 32 0.8186653233399787
44 33 0.9145851203059497
44 34 0.9603282635157874
44 35 1.01646535713639
44 36 1.0743279452357253
44 37 1.0875772477104506
44 38 1.1590716772533782
44 39 1.2808922441742276
44 40 1.2758476007041988
45 0 1.4530445984057467e-09
45 1 3.0844102358314857e-09
45 2 3.897168955352941e-09
45 3 5.617474243541906e-09
45 4 7.518349962793797e-09
45 5 9.94231281356871e-09
45 6 2.261206330626419e-08
45 7 4.738855543742826e-08
45 8 1.4530954966076416e-07
45 9 2.530233924881682e-07
45 10 3.315258179797453e-05
45 11 2.637524478667753e-05
45 12 4.039787349024604e-05
45 13 6.169242378329332e-05
45 14 0.000255652063552327
45 15 0.0006555841678726275
45 16 0.001590367746623758
45 17 0.0033662497210690183
45 18 0.005489224472042207
45 19 0.011375473794408812
45 20 0.02007831740309464
45 21 0.04031100114455578
45 22 0.06933059515256054
45 23 0.09358545765333323
45 24 0.11990366655111138
45 25 0.15734081869874844
45 26 0.19273677477278048
45 27 0.24673292946633782
45 28 0.3290359134164844
45 29 0.6479282940218605
45 30 0.7012629777166348
45 31 0.7555957013045596
45 32 0.8389459445319025
45 33 0.902686125774999
45 34 0.9137950630379801
45 35 0.989038547734334
45 36 1.0628242246293238
45 37 1.1241791308760636
45 38 1.162443047482589
45 39 1.215759602193579
45 40 1.3228317123863422
46 0 1.5796896159653648e-09
46 1 3.4401544894991052e-09
46 2 4.7792940216222725e-09
46 3 5.229121194319347e-09
46 4 7.174189177049767e-09
46 5 1.6873432555900405e-08
46 6 1.968736194159952e-08
46 7 3.9150386719604835e-08
46 8 6.836006623577222e-08
46 9 2.2104019377490016e-07
46 10 2.561240710482505e-05
46 11 1.2580919983753783e-05
46 12 2.8630334669405e-05
46 13 0.0002572007651414741
46 14 0.0003384893582191003
46 15 0.000965987734422769
46 16 0.0014215496520153799
46 17 0.0031511570151282996
46 18 0.005304984950942461
46 19 0.011391725876431058
46 20 0.022454730577720478
46 21 0.040749167644813906
46 22 0.06886855556933834
46 23 0.09576045456444915
46 24 0.12333995470620908
46 25 0.15826562065552865
46 26 0.18993928217909115
46 27 0.24460055655979362
46 28 0.3281641474819338
46 29 0.6549220435720897
46 30 0.7067366946643123
46 31 0.7545728383296726
46 32 0.8473058447127423
46 33 0.8670226099270243
46 34 0.9515179092264778
46 35 1.005322641973455
46 36 1.0316122693243714
46 37 1.1295656456696281
46 38 1.176590713939125
46 39 1.2732634682753767
46 40 1.3111186708485119
47 0 1.8429603756455892e-09
47 1 4.2698204074350635e-09
47 2 4.831498016445992e-09
47 3 5.607245514631552e-09
47 4 7.005282170271837e-09
47 5 1.8536132512626564e-08
47 6 2.310470773787038e-08
47 7 3.21420238840378e-08
47 8 7.567663626486601e-08
47 9 3.207735928248389e-07
47 10 3.6510634280887854e-07
47 11 7.686231031035593e-06
47 12 1.3989085462955827e-05
47 13 0.00014683961484813007
47 14 0.0003508638014662172
47 15 0.0004122700877937511
47 16 0.0015981635288436443
47 17 0.003262059115685443
47 18 0.006295192089683917
47 19 0.012962483593151277
47 20 0.023304255489338992
47 21 0.043406040723730714
47 22 0.07143311268101449
47 23 0.09789193684794759
47 24 0.12273310552076043
47 25 0.15689115004941923
47 26 0.19523285626509254
47 27 0.24193652198371482
47 28 0.3303221737029076
47 29 0.6346089688016263
47 30 0.7062881342900796
47 31 0.7722408204681509
47 32 0.8170365438548847
47 33 0.8509819627684138
47 34 0.951493765001818
47 35 0.9943426505403641
47 36 1.0474025279658234
47 37 1.1359329379627174
47 38 1.1924992824224263
47 39 1.253816573787346
47 40 1.3010046797952894
48 0 2.2653713797651617e-09
48 1 4.490380727487e-09
48 2 5.781736492546186e-09
48 3 6.445585994928051e-09
48 4 7.738268001287934e-09
48 5 1.2659773055104543e-08
48 6 2.403947630431987e-08
48 7 3.33228716624642e-08
48 8 6.12671369690167e-08
48 9 1.613504121703095e-07
48 10 1.1113440054773375e-06
48 11 2.0715673726753058e-05
48 12 5.878559626221609e-05
48 13 0.00012634485158327622
48 14 0.00031376280610604024
48 15 0.0008252420650415989
48 16 0.0016726704919204046
48 17 0.003344538160927329
48 18 0.006023581666784989
48 19 0.012352944791320103
48 20 0.02331018952273332
48 21 0.044641422538714656
48 22 0.07140935719381475
48 23 0.09772879521584443
48 24 0.1258803340359114
48 25 0.15207124793021018
48 26 0.19060681094912446
48 27 0.24185818313784857
48 28 0.3289591927990826
48 29 0.6212219854586978
48 30 0.7287373923011751
48 31 0.7555021086239324
48 32 0.8370455620810211
48 33 0.9019664153229403
48 34 0.9166825669467767
48 35 1.0161240396434146
48 36 1.0466491401818347
48 37 1.1374028749327347
48 38 1.1846274123388447
48 39 1.2020355731519672
48 40 1.2805061187425504
49 0 2.3696129230240133e-09
49 1 5.366586780712756e-09
49 2 6.275036400320063e-09
49 3 7.717723564378497e-09
49 4 1.0039039924323943e-08
49 5 1.5171671805716036e-08
49 6 2.7606387685231513e-07
49 7 5.6180017471201576e-08
49 8 6.649710630135772e-08
49 9 1.2496907375037456e-07
49 10 1.8554653057973352e-07
49 11 2.6933497171073124e-05
49 12 4.7438127888594336e-05
49 13 0.00022231746642463617
49 14 0.0003814263763667116
49 15 0.0008644423267030513
49 16 0.0016611904441355258
49 17 0.0031819842063313024
49 18 0.006708166227158702
49 19 0.01312556082020944
49 20 0.02420949100100911
49 21 0.043939175256125944
49 22 0.07316069368548239
49 23 0.10137435850056006
49 24 0.12375065822662236
49 25 0.15434610142039001
49 26 0.1891197388619223
49 27 0.24471496052676125
49 28 0.3297804277007557
49 29 0.6264668795371928
49 30 0.7018498060134393
49 31 0.7590125444980346
49 32 0.8053322553997012
49 33 0.8930693212768998
49 34 0.9205173734570881
49 35 0.9967390933554944
49 36 1.0522755956200116
49 37 1.1116996534798875
49 38 1.2171823273491857
49 39 1.2430340256864554
49 40 1.343887550314694
50 0 2.6995316773199085e-09
50 1 5.6425486408221e-09
50 2 7.120622492754138e-09
50 3 7.949665720388824e-09
50 4 8.887380576987145e-09
50 5 1.597391055072316e-08
50 6 2.577755350367655e-08
50 7 3.6689253314204426e-08
50 8 8.408631995804644e-08
50 9 2.7243208055763034e-05
50 10 3.457776832008493e-05
50 11 4.8124058064277774e-05
50 12 3.8507835799424166e-05
50 13 0.00023403949302664443
50 14 0.00045578483329749105
50 15 0.0007264553868268676
50 16 0.0013971714162026225
50 17 0.0039024062409669063
50 18 0.007951441117483313
50 19 0.012613182939883234
50 20 0.02488840924651156
50 21 0.048367231601043156
50 22 0.07526010916751609
50 23 0.1008227074498146
50 24 0.1303041035452433
50 25 0.1574065844459693
50 26 0.19358250574705577
50 27 0.2460350084325058
50 28 0.33259430508775384
50 29 0.6129082837180407
50 30 0.6999716778238442
50 31 0.7798714166199153
50 32 0.8042408110450262
50 33 0.8891654219627051
50 34 0.9521630579094522
50 35 1.0019792576994095
50 36 1.0581832744281683
50 37 1.1330985620299132
50 38 1.191930181254848
50 39 1.2760423512241235
50 40 1.3054379060937569
51 0 2.9998443397352974e-09
51 1 6.247891078138044e-09
51 2 8.3153185505709e-09
51 3 8.882378381610201e-09
51 4 1.0797007690224133e-08
51 5 1.517221316536262e-08
51 6 2.2840770401463615e-08
51 7 4.0025727079959394e-08
51 8 2.436446150761717e-07
51 9 1.1588168171125458e-07
51 10 2.714646398264361e-07
51 11 0.00012733867557613614
51 12 0.00022723708417390226
51 13 0.00034601515174502656
51 14 0.0004978663330562123
51 15 0.0010941757948015416
51 16 0.0019289052982439517
51 17 0.004292244796441609
51 18 0.007711073222283227
51 19 0.014772960068994518
51 20 0.027669355858536027
51 21 0.052642549243916446
51 22 0.07578469774190101
51 23 0.10072750436620134
51 24 0.1268619577263458
51 25 0.1545483020108041
51 26 0.19053079620402083
51 27 0.25487150043594775
51 28 0.35291583030400114
51 29 0.6348979386976146
51 30 0.7027819917588802
51 31 0.7727865710032816
51 32 0.7992967811481296
51 33 0.8609565859314192
51 34 0.9313579046007159
51 35 0.9942954425722768
51 36 1.0531902234920536
51 37 1.1268762812063566
51 38 1.1824407529413723
51 39 1.2389194530078491
51 40 1.2580681041277257
52 0 3.3160776689725277e-09
52 1 8.171708344253994e-09
52 2 8.700717370480073e-09
52 3 1.0010494410581669e-08
52 4 1.157713464128577e-08
52 5 1.6114072930999344e-08
52 6 2.381964550655917e-08
52 7 1.8881812802674044e-05
52 8 2.309585967979774e-05
52 9 3.139069712962219e-05
52 10 7.704498764077051e-07
52 11 3.838739353442072e-05
52 12 0.00014605105091357754
52 13 0.0001452893497765775
52 14 0.0007610580837683914
52 15 0.0016649822527167143
52 16 0.0027527077683692012
52 17 0.005179831895087913
52 18 0.010279963279195099
52 19 0.016629767075698614
52 20 0.03170919826524116
52 21 0.05611229306988654
52 22 0.082429250805018
52 23 0.10887068466552886
52 24 0.13360148629093427
52 25 0.15728561542524208
52 26 0.19363951894536982
52 27 0.2467506807736363
52 28 0.3555982829831867
52 29 0.6351061315136268
52 30 0.7194128384542459
52 31 0.7596965733304806
52 32 0.8417753028862976
52 33 0.8632804512239954
52 34 0.926709513398932
52 35 1.0141066755425743
52 36 1.0348185994391415
52 37 1.1218185648497616
52 38 1.187421808448184
52 39 1.2387167285605487
52 40 1.3394323587680745
53 0 4.209711751171413e-09
53 1 8.167496377339209e-09
53 2 9.916687198480636e-09
53 3 1.0630992122407934e-08
53 4 1.4055544074493694e-08
53 5 1.8528731362828893e-08
53 6 2.4115026467983873e-08
53 7 4.628629803597244e-08
53 8 5.9574654777010776e-08
53 9 1.0985947754115876e-07
53 10 4.469652324682057e-05
53 11 6.804260616337588e-05
53 12 0.00012196277381437488
53 13 0.0004624572275562197
53 14 0.0011571422386656908
53 15 0.0020525181168238463
53 16 0.0031919199380980564
53 17 0.005952098828634439
53 18 0.011986283245836903
53 19 0.020333573647709144
53 20 0.038078205301238184
53 21 0.06230542282254119
53 22 0.08525024374164229
53 23 0.10661513880576517
53 24 0.13299409624583305
53 25 0.16396649684759348
53 26 0.20061765377758026
53 27 0.2553764798247308
53 28 0.37239927092775066
53 29 0.6429853217383865
53 30 0.7047416930233763
53 31 0.7615401149724641
53 32 0.8189733158051389
53 33 0.888926639377373
53 34 0.9066709110793547
53 35 0.992041495007437
53 36 1.0568107535032223
53 37 1.1188801620396442
53 38 1.2101125686874858
53 39 1.2437394997735516
53 40 1.3205693036704116
54 0 3.953213997693896e-09
54 1 9.420645789281217e-09
54 2 1.138837537546353e-08
54 3 1.319266021671661e-08
54 4 1.4568766413219959e-08
54 5 1.745859059972087e-08
54 6 2.4551121748559952e-08
54 7 4.0602220335373695e-08
54 8 5.6953277402168655e-08
54 9 2.4844413595598076e-05
54 10 2.298623277769153e-06
54 11 3.839170980952349e-05
54 12 0.00011823619017777264
54 13 0.0005120086355888871
54 14 0.001099532879448963
54 15 0.001978013951393885
54 16 0.003440849143450769
54 17 0.007668436183439101
54 18 0.013017135590516192
54 19 0.0249819572101039
54 20 0.04470232275594339
54 21 0.06697948956827078
54 22 0.08901972925878233
54 23 0.11246875842841399
54 24 0.14031704403675851
54 25 0.16762163135440342
54 26 0.19928236682884626
54 27 0.261426675233215
54 28 0.3729461540984671
54 29 0.674712811229342
54 30 0.7226104180046912
54 31 0.772520926716544
54 32 0.8309538523696514
54 33 0.8635964899359189
54 34 0.9483903361139561
54 35 0.9927523639889896
54 36 1.0523595959176524
54 37 1.0869712576996218
54 38 1.197327391707658
54 39 1.2523750270286609
54 40 1.3002542315110048
55 0 4.892435374581693e-09
55 1 9.659192190599361e-09
55 2 1.2308635982250101e-08
55 3 1.4180894639518373e-08
55 4 1.639757701031661e-08
55 5 1.8523056873555545e-08
55 6 2.9539109580884074e-08
55 7 1.8544124044898208e-05
55 8 7.124784307184445e-05
55 9 1.583412052406961e-05
55 10 1.5434413514902213e-05
55 11 0.0001214490498273765
55 12 0.00020970587617179573
55 13 0.0005244944069759254
55 14 0.0013008410008019298
55 15 0.002617892795041196
55 16 0.004036476313257834
55 17 0.008645111537221447
55 18 0.015385232220719093
55 19 0.027568510571205535
55 20 0.0518760946469444
55 21 0.07014343136557818
55 22 0.09201373900132159
55 23 0.11375946028410681
55 24 0.13510844221240711
55 25 0.16865199848028337
55 26 0.20963391637389978
55 27 0.2705710862221495
55 28 0.3860566766729653
55 29 0.6625045351861707
55 30 0.7060193149606845
55 31 0.7661400352077954
55 32 0.8155411595621188
55 33 0.8777929161241005
55 34 0.9429178064222046
55 35 0.9843329685595354
55 36 1.0800188950365044
55 37 1.1009957712313525
55 38 1.1894007208168202
55 39 1.2482175123494539
55 40 1.3583100662700673
56 0 5.264166797765509e-09
56 1 1.1151865200321796e-08
56 2 1.3520699840267582e-08
56 3 1.438347470750659e-08
56 4 2.272963576873247e-08
56 5 1.8354523645604553e-08
56 6 2.7729652748127225e-08
56 7 7.77843897001042e-06
56 8 4.1600176131408284e-07
56 9 5.514510674979428e-05
56 10 9.133813495682463e-05
56 11 0.00012815694419854429
56 12 0.0003520612557819054
56 13 0.0005701830596416068
56 14 0.0015036704981583088
56 15 0.0028641890266179752
56 16 0.004579065982531009
56 17 0.009934977438345101
56 18 0.019494947390250508
56 19 0.036407754335267016
56 20 0.058039035622063966
56 21 0.07422975236910041
56 22 0.09219832710983007
56 23 0.11425037854443858
56 24 0.14128725320433846
56 25 0.1673981526500364
56 26 0.213412427824533
56 27 0.2815169941386699
56 28 0.3997366777314199
56 29 0.6635376002258626
56 30 0.7220086560865381
56 31 0.7536159709742666
56 32 0.7980044031473834
56 33 0.8740993982527722
56 34 0.9812608184670777
56 35 1.0062044782161366
56 36 1.0784241476530372
56 37 1.141319752685669
56 38 1.2005134244117543
56 39 1.26039514285191
56 40 1.321115105411256
57 0 5.8921846916496995e-09
57 1 1.1903984145434684e-08
57 2 1.4602524617769215e-08
57 3 1.6656462116703103e-08
57 4 1.968077360678858e-08
57 5 1.935036043751484e-05
57 6 1.7832814654531203e-05
57 7 3.3995445652450485e-05
57 8 7.284543517246004e-06
57 9 4.830430458375689e-05
57 10 6.952724121506542e-05
57 11 0.0002342785566861162
57 12 0.00058100044158299
57 13 0.0007309340639565601
57 14 0.001861357845989864
57 15 0.0031309441034595626
57 16 0.006358851234816155
57 17 0.013027955424257233
57 18 0.021775238185808503
57 19 0.042052083597882775
57 20 0.06005284162610119
57 21 0.07783610473098329
57 22 0.09625938496571418
57 23 0.11910828285576165
57 24 0.14492115151855978
57 25 0.17474701292219247
57 26 0.21744003585218666
57 27 0.2894549240651845
57 28 0.444257503102004
57 29 0.646573201141173
57 30 0.7154288832026188
57 31 0.7589214249121815
57 32 0.8252429198714921
57 33 0.8669128127333144
57 34 0.9210528890775931
57 35 1.008535837662525
57 36 1.0659225429372154
57 37 1.175003845382281
57 38 1.1822992309405391
57 39 1.2715284015719492
57 40 1.3348224884811637
58 0 5.935221147166433e-09
58 1 1.3469995620160884e-08
58 2 1.6544670062791212e-08
58 3 1.730887370464999e-08
58 4 2.2618592398665604e-08
58 5 7.335764042891063e-06
58 6 5.5693725558465304e-08
58 7 1.607443652161705e-05
58 8 1.765868969664586e-07
58 9 4.2099050469093854e-05
58 10 0.00012015386211091641
58 11 0.00021227840091164575
58 12 0.0006321344909226617
58 13 0.0012164592265834046
58 14 0.002579138965282985
58 15 0.003932527081371916
58 16 0.008499935128392914
58 17 0.014801351216244178
58 18 0.02846301924484062
58 19 0.04530821752680148
58 20 0.06537795413458741
58 21 0.08139212460716706
58 22 0.10124122581355406
58 23 0.12227762876913252
58 24 0.1493335969963559
58 25 0.18547681164614346
58 26 0.22623146541548614
58 27 0.29527478549052494
58 28 0.5362788038635584
58 29 0.644478383136919
58 30 0.7255743821369677
58 31 0.7453227059174288
58 32 0.8411256133752649
58 33 0.9006264143467723
58 34 0.975287911707743
58 35 1.02489585236405
58 36 1.069442495371449
58 37 1.119728178058748
58 38 1.1724924092797686
58 39 1.225243248886433
58 40 1.3656234167249854
59 0 6.861404330378744e-09
59 1 1.5257281422538457e-08
59 2 1.7154901740169195e-08
59 3 1.8346043152535627e-08
59 4 2.073853532619938e-08
59 5 4.472960871805401e-06
59 6 6.109168219626863e-07
59 7 6.480107783834354e-08
59 8 1.6386277763092704e-05
59 9 7.616143620052667e-05
59 10 0.00024398250150723966
59 11 0.0003948117459713117
59 12 0.0006037402811566448
59 13 0.0014907969251535644
59 14 0.002494727482185932
59 15 0.005009620634899962
59 16 0.01021511571803263
59 17 0.01935012729713847
59 18 0.033345801708029026
59 19 0.048345994394662674
59 20 0.069536930370627
59 21 0.08353283550445374
59 22 0.10221654847864181
59 23 0.1242649975247109
59 24 0.15070131262278944
59 25 0.18200327704921243
59 26 0.23230507004660345
59 27 0.30842713813673855
59 28 0.6036028641393841
59 29 0.660242410321507
59 30 0.7316611131832204
59 31 0.7416435213273004
59 32 0.8242304732248431
59 33 0.8730875512501257
59 34 0.9267066334958594
59 35 0.9734856733311408
59 36 1.0678834981015126
59 37 1.1674313445296558
59 38 1.1914360964296613
59 39 1.2123645533467444
59 40 1.2700628826640383
60 0 7.3342028605547856e-09
60 1 1.5242397555224928e-08
60 2 2.1437651266529387e-08
60 3 2.06268356696771e-08
60 4 3.234795717172123e-08
60 5 8.939372292044114e-07
60 6 4.886305033532251e-06
60 7 2.4881359535440385e-05
60 8 5.638641748884827e-05
60 9 7.382185118721534e-05
60 10 0.0003229686976419118
60 11 0.00044263270375670974
60 12 0.0010264587115236341
60 13 0.0020005151411802992
60 14 0.0032579153137881453
60 15 0.006121373909735638
60 16 0.012873010385821507
60 17 0.022700223164869048
60 18 0.038893818153572055
60 19 0.05560268298872229
60 20 0.07100241096917434
60 21 0.08753918994735714
60 22 0.1015753862496882
60 23 0.12661585270231746
60 24 0.15568125655733492
60 25 0.19183105182401505
60 26 0.2410460305412631
60 27 0.3210324700735755
60 28 0.6208395103559249
60 29 0.6649736007763
60 30 0.7057429910203135
60 31 0.7651672160882045
60 32 0.8131203794814542
60 33 0.8662951541908734
60 34 0.9103944427688424
60 35 1.0178932267007759
60 36 1.05624032706808
60 37 1.1133551794950853
60 38 1.2322192708791004
60 39 1.2603108444062963
60 40 1.3158680817528956
61 0 8.136288952808314e-09
61 1 1.718966917334877e-08
61 2 2.1395164331243427e-08
61 3 2.4831372025066357e-08
61 4 2.7484749348417854e-05
61 5 8.407845034800416e-08
61 6 3.640554457143646e-05
61 7 9.24651076187255e-06
61 8 4.904113088102272e-05
61 9 0.00017941865988582877
61 10 0.00019888358303666583
61 11 0.0005626573819063961
61 12 0.001260903335904579
61 13 0.002239993595802069
61 14 0.004470601069160927
61 15 0.00804765656368592
61 16 0.015610149131904292
61 17 0.02900733120887615
61 18 0.04315639837935712
61 19 0.0584518552676512
61 20 0.07398174088470871
61 21 0.08802096581772945
61 22 0.11155313165585769
61 23 0.1296891331988902
61 24 0.15704609072589767
61 25 0.19511675587519778
61 26 0.24864120501912343
61 27 0.33560828155149847
61 28 0.6083501295837992
61 29 0.6879870768044984
61 30 0.7338253188315921
61 31 0.7761594083057327
61 32 0.818736234412744
61 33 0.8832464782611361
61 34 0.9263944521288782
61 35 1.0073214540930668
61 36 1.0558257615351825
61 37 1.1342325113765215
61 38 1.1685702467042283
61 39 1.226534105558008
61 40 1.2860857279891906
62 0 5.1339603711964284e-06
62 1 1.8677095962234057e-08
62 2 2.3214882520063633e-08
62 3 2.4248264979648784e-08
62 4 2.392311909814664e-08
62 5 4.5992575562998673e-08
62 6 6.635237013116193e-06
62 7 1.9754437647925537e-05
62 8 4.012951908805703e-05
62 9 0.000141799890919512
62 10 0.000280977533300661
62 11 0.0007006115856273302
62 12 0.0015011093183107734
62 13 0.0027738636726608035
62 14 0.005376093198708462
62 15 0.009207222967373207
62 16 0.01924763054617266
62 17 0.032424421980538715
62 18 0.04554596356215442
62 19 0.061241602549807296
62 20 0.07783838932385101
62 21 0.09429282137177283
62 22 0.1133267391484905
62 23 0.13691095057066324
62 24 0.16128420533550605
62 25 0.20209312900568338
62 26 0.2554693430720079
62 27 0.36756878429487294
62 28 0.593537968527864
62 29 0.649958414018864
62 30 0.7104071233329223
62 31 0.7638135800603285
62 32 0.7960029479107962
62 33 0.8649094091247261
62 34 0.9275973636307506
62 35 0.9947076102544393
62 36 1.0652703407284179
62 37 1.1100848981580829
62 38 1.2127403106967443
62 39 1.294648274758324
62 40 1.301202500272282
63 0 8.855648111344624e-09
63 1 1.9909278132967565e-08
63 2 2.601317916187742e-08
63 3 2.7768493804471586e-08
63 4 2.9378820263040384e-08
63 5 5.968449166050196e-08
63 6 1.1272247575308908e-05
63 7 5.558698219135685e-05
63 8 6.412143591417587e-05
63 9 0.00023799570607208672
63 10 0.0005079215494495703
63 11 0.0011035412132121016
63 12 0.0016684516299987858
63 13 0.003418844078946833
63 14 0.006388966119222891
63 15 0.012654241327326924
63 16 0.023718074844776706
63 17 0.03650870358130764
63 18 0.05058636986598113
63 19 0.0645194967668569
63 20 0.07706794353286082
63 21 0.09601252243274166
63 22 0.11156799680905902
63 23 0.1379865541193991
63 24 0.16973277465215478
63 25 0.20682861770115124
63 26 0.2649963994460509
63 27 0.4177651601190471
63 28 0.6197570238155248
63 29 0.6319129014445575
63 30 0.7199262604079198
63 31 0.7533794974980751
63 32 0.8136156743552788
63 33 0.8948133418434235
63 34 0.9411720753308255
63 35 1.0294561100911426
63 36 1.0473212968756822
63 37 1.1508119021846006
63 38 1.1934011070317494
63 39 1.2457066881349594
63 40 1.343712985553656
64 0 9.305959976074343e-09
64 1 8.719413171111818e-06
64 2 2.6976038142031115e-08
64 3 3.471982520483155e-07
64 4 1.1190018495037446e-05
64 5 5.557064251706886e-06
64 6 2.5027777055963458e-05
64 7 5.884087445387529e-05
64 8 0.00012036978554681244
64 9 0.0002568335576458649
64 10 0.00044256816124073166
64 11 0.0014444100994663008
64 12 0.0024500092550763077
64 13 0.004938730793360493
64 14 0.008511205567319624
64 15 0.015832750550389917
64 16 0.02800388078863794
64 17 0.04112206793231669
64 18 0.05319000678577119
64 19 0.06695623966707683
64 20 0.0809564777377424
64 21 0.09768361450396634
64 22 0.11447905533359644
64 23 0.13872317435964332
64 24 0.1743078172601457
64 25 0.21764638923429508
64 26 0.2780698093318478
64 27 0.5183626106196612
64 28 0.6198201200732177
64 29 0.6752557097360045
64 30 0.7062284335983205
64 31 0.7804511110434978
64 32 0.8097146248221521
64 33 0.8726976143132601
64 34 0.9270121557871185
64 35 0.9815474077086476
64 36 1.0534897388017068
64 37 1.133712152293788
64 38 1.1436858837871835
64 39 1.2527119813467733
64 40 1.3012601093251952
65 0 1.0057972621843914e-08
65 1 2.2170952062844205e-08
65 2 3.420641635255807e-08
65 3 2.1486677725473547e-05
65 4 4.4182451813852397e-08
65 5 5.277974414525972e-06
65 6 2.9425224617174937e-05
65 7 9.525303826961838e-05
65 8 0.0002339621256947353
65 9 0.00038411481210830456
65 10 0.0008690629442631934
65 11 0.0016569587515180546
65 12 0.002817053753547739
65 13 0.0055819418309237916
65 14 0.011291315578688664
65 15 0.02042914457766382
65 16 0.0305434910408851
65 17 0.042264237394983604
65 18 0.05608546199341629
65 19 0.06979533397821054
65 20 0.08332790633548104
65 21 0.09799122889596265
65 22 0.11892303727878487
65 23 0.143338288799932
65 24 0.17749568308982505
65 25 0.2259734080741527
65 26 0.2987992164094759
65 27 0.5561611900573182
65 28 0.5959720775409796
65 29 0.6626951274472395
65 30 0.7086141922891998
65 31 0.7664499505537797
65 32 0.8139904893985519
65 33 0.8817154506546158
65 34 0.9390551804749333
65 35 1.0158045126998947
65 36 1.062904018665986
65 37 1.1208680236088961
65 38 1.2145984881131469
65 39 1.236952830653019
65 40 1.3377976409797248
66 0 1.050371298090761e-08
66 1 2.8285275281126926e-08
66 2 2.6260501765688295e-06
66 3 5.4983584019191574e-08
66 4 2.6517781082048975e-05
66 5 4.112086719012176e-05
66 6 0.00010647414540172985
66 7 8.694647877505888e-05
66 8 0.00023941979513057894
66 9 0.0004016931387756049
66 10 0.0011912475337678338
66 11 0.001799918196002567
66 12 0.0035644342647988274
66 13 0.0072302242401673595
66 14 0.013861936914147591
66 15 0.024130185829953632
66 16 0.03398043037898989
66 17 0.046434286678903286
66 18 0.05679893885140057
66 19 0.07045373995432953
66 20 0.08557641411475103
66 21 0.10368802066059313
66 22 0.12334094078115501
66 23 0.14829354142779308
66 24 0.18115744508926288
66 25 0.22984409315616428
66 26 0.3213414674327366
66 27 0.5561669529966444
66 28 0.6181827803933542
66 29 0.6488496151401891
66 30 0.7059750081107841
66 31 0.7622288016084267
66 32 0.8247002160717999
66 33 0.8768926921077448
66 34 0.9589644066389231
66 35 1.0063882361705452
66 36 1.0552430828492088
66 37 1.1068752367691304
66 38 1.1551040755728028
66 39 1.291985629662254
66 40 1.360425914810571
67 0 1.1455010899085677e-08
67 1 5.344376162190223e-07
67 2 5.176088007671362e-08
67 3 4.2375857995256334e-08
67 4 3.0540189246633402e-06
67 5 1.1127276930595526e-05
67 6 5.318977761651371e-05
67 7 0.00014159094429907197
67 8 0.00022932830255697069
67 9 0.0005413042620530324
67 10 0.001073878397351716
67 11 0.0022763855549056545
67 12 0.00424817063448793
67 13 0.008681862365715207
67 14 0.01699247582644568
67 15 0.02666445945350738
67 16 0.03570133200512228
67 17 0.04859675818868898
67 18 0.05951637645120629
67 19 0.07202138856189684
67 20 0.0881214130313642
67 21 0.10748607035746117
67 22 0.12704160230157377
67 23 0.158782771993386
67 24 0.1892268906087357
67 25 0.2416781498449534
67 26 0.3770193767284143
67 27 0.5578309873435274
67 28 0.6127153662400219
67 29 0.6498146863757165
67 30 0.7155493677628898
67 31 0.7712733145924645
67 32 0.7851067262152904
67 33 0.8817095681754821
67 34 0.9208474727895489
67 35 0.9928246725419387
67 36 1.0614601573616267
67 37 1.1206841723056062
67 38 1.1957049641655932
67 39 1.244585344176854
67 40 1.333249635951848
68 0 1.3907190405724301e-08
68 1 2.689040397871788e-08
68 2 5.98520756928893e-06
68 3 1.11594165929364e-07
68 4 5.404197551642673e-06
68 5 2.7511479824745266e-05
68 6 4.7982012134477385e-05
68 7 0.00013242588677661195
68 8 0.0003555929582839679
68 9 0.0006286405524983745
68 10 0.0012709500977253455
68 11 0.002996223576666089
68 12 0.005495541682059654
68 13 0.010381989051799824
68 14 0.01978276557305216
68 15 0.029868692634027003
68 16 0.04015588465945508
68 17 0.05204203579310674
68 18 0.06404000510421529
68 19 0.07641593151393436
68 20 0.09016770520550572
68 21 0.10722139132648731
68 22 0.13020239647627935
68 23 0.1572394489085244
68 24 0.19176478615542394
68 25 0.2542298421786997
68 26 0.4277969153534011
68 27 0.5679807789324048
68 28 0.6281080710111044
68 29 0.6469873288003952
68 30 0.6997028890548872
68 31 0.7621370474620494
68 32 0.8177528370377158
68 33 0.8783998608961974
68 34 0.9320873692206664
68 35 0.9902584700299693
68 36 1.058837565815818
68 37 1.125665485405552
68 38 1.1753845415707402
68 39 1.2576289184175442
68 40 1.2765899003430097
69 0 1.2313213674573956e-08
69 1 3.6613837437138666e-08
69 2 4.976980492586311e-07
69 3 8.301251907997135e-06
69 4 2.9513779711296058e-05
69 5 5.71995359089708e-05
69 6 0.00011927265928233694
69 7 0.00021233164556521525
69 8 0.00038080616572437473
69 9 0.0008473657752113158
69 10 0.0016941959195093503
69 11 0.003457529271188172
69 12 0.005868688924036212
69 13 0.012467010614015396
69 14 0.02175701937615291
69 15 0.03067734446975701
69 16 0.0403916444300325
69 17 0.0534397143655212
69 18 0.06513485369530363
69 19 0.07757812679526685
69 20 0.09235721121218518
69 21 0.10830171034874088
69 22 0.13258438133555697
69 23 0.1611885719421897
69 24 0.200422517457509
69 25 0.27763449071615065
69 26 0.5107138521897198
69 27 0.5577258048275733
69 28 0.600190904113234
69 29 0.6473674427353311
69 30 0.7154830064857565
69 31 0.7497587677846397
69 32 0.8315624819840693
69 33 0.8862136106286238
69 34 0.9664948597336442
69 35 1.027055824254268
69 36 1.0573774242298766
69 37 1.122425935069009
69 38 1.2042887664537034
69 39 1.2782630955013745
69 40 1.2836245819521501
70 0 1.493226142546363e-08
70 1 5.809703888255388e-08
70 2 1.89883513660158e-06
70 3 3.1563146222595403e-06
70 4 1.1357799956420758e-05
70 5 5.260581045336159e-05
70 6 0.00016233273624275893
70 7 0.0002445831605577764
70 8 0.0004344618396419862
70 9 0.0009300177058035966
70 10 0.001920682730836814
70 11 0.0035737744605168643
70 12 0.007288218063426917
70 13 0.01509975108345407
70 14 0.022955982494551205
70 15 0.03271850177442688
70 16 0.04232218865378359
70 17 0.05507529024829469
70 18 0.0661455503440709
70 19 0.08046127395321723
70 20 0.09459718031125493
70 21 0.11787437066446052
70 22 0.1326938818025226
70 23 0.16860201508648878
70 24 0.21201809515390127
70 25 0.3142370939252066
70 26 0.5122464644654796
70 27 0.5452813797463747
70 28 0.6058450800706588
70 29 0.6463908989488667
70 30 0.70629170274519
70 31 0.7518825137498779
70 32 0.8208116750580966
70 33 0.9066819487063096
70 34 0.9531483225636679
70 35 1.0054126965820338
70 36 1.0775104279608663
70 37 1.1247840503483024
70 38 1.1613872092146393
70 39 1.2431780438507904
70 40 1.2894445574683338
71 0 1.039816570960775e-07
71 1 3.237395050418284e-08
71 2 9.427959155076606e-06
71 3 3.4279361157134494e-05
71 4 2.3587076213152146e-05
71 5 5.939960349440131e-05
71 6 8.741370663593268e-05
71 7 0.00031076864868305096
71 8 0.0005203154227201379
71 9 0.001063791742612272
71 10 0.0024040057056228872
71 11 0.003987909992779973
71 12 0.008517011254280681
71 13 0.01603574072245074
71 14 0.024542167107846763
71 15 0.0337833014216467
71 16 0.04511828061678973
71 17 0.05814683997653266
71 18 0.06707237587398743
71 19 0.08081839803683928
71 20 0.09933101639955723
71 21 0.11512240492633555
71 22 0.14238945078461038
71 23 0.17373700627103122
71 24 0.2240904018280312
71 25 0.34324018650938487
71 26 0.5226748177481126
71 27 0.5613624560269977
71 28 0.6130754576182987
71 29 0.6624657213556508
71 30 0.7196759903020684
71 31 0.7515031223124429
71 32 0.8141219898259195
71 33 0.873116960673289
71 34 0.9346371537754505
71 35 1.0214885213882674
71 36 1.0696876474687607
71 37 1.1381796776244186
71 38 1.2077005040808264
71 39 1.2199099308938097
71 40 1.3223309319826282
72 0 5.815532532307929e-06
72 1 3.690157803385962e-06
72 2 4.26129494862676e-06
72 3 2.140875872914378e-05
72 4 4.341425864122579e-05
72 5 5.377684928293083e-05
72 6 0.00015894778008219206
72 7 0.00033513880960064603
72 8 0.0006331940976342261
72 9 0.0013727551712728035
72 10 0.0021301842392173085
72 11 0.0050097363962886094
72 12 0.00994251504620808
72 13 0.01700893954804527
72 14 0.02567291609974529
72 15 0.03643576074655202
72 16 0.0453831099743272
72 17 0.057977962452258655
72 18 0.07154725872495864
72 19 0.08507310367388404
72 20 0.10305807910843655
72 21 0.1200802809175862
72 22 0.14508227271421947
72 23 0.1802191933206558
72 24 0.2494846048241852
72 25 0.40728719709900874
72 26 0.49297682106259644
72 27 0.5530019718456891
72 28 0.6107281491150854
72 29 0.6540627507072381
72 30 0.7093157919684847
72 31 0.7899828369355096
72 32 0.833990584066995
72 33 0.8811339438601424
72 34 0.9371871156061538
72 35 0.9822555500832268
72 36 1.0725954703522467
72 37 1.1028165312596696
72 38 1.1996774346804275
72 39 1.27166694755486
72 40 1.2943094988494037
73 0 3.4146249364337848e-06
73 1 2.4870357961921193e-06
73 2 1.3735649486917007e-05
73 3 6.3610518005345435e-06
73 4 4.939370799312478e-05
73 5 7.97250110074605e-05
73 6 0.00019503284949090921
73 7 0.0003588791897357507
73 8 0.0007976778109443485
73 9 0.0015984630966047882
73 10 0.0028634652258080514
73 11 0.006188280918613877
73 12 0.011646206500836077
73 13 0.019070003658942885
73 14 0.027120664503622653
73 15 0.03790876739549724
73 16 0.04943552801164786
73 17 0.05962977939930398
73 18 0.07357945685989215
73 19 0.08721576978590344
73 20 0.10268448455397565
73 21 0.12222072392683392
73 22 0.15189506828100743
73 23 0.187768351338785
73 24 0.2635761645918192
73 25 0.4684905553180355
73 26 0.5232256560780338
73 27 0.5673129197472642
73 28 0.6031583577641166
73 29 0.6560517356166562
73 30 0.7124151338551956
73 31 0.7649757135147481
73 32 0.8155469227156662
73 33 0.8778738990611782
73 34 0.9396006247994328
73 35 0.9850931561237
73 36 1.0624128610509804
73 37 1.1135589588050083
73 38 1.1787136050818072
73 39 1.259103703049966
73 40 1.3164837008277206
74 0 5.618622628764993e-07
74 1 4.44771705635002e-06
74 2 1.089319542994146e-05
74 3 3.239124668589983e-05
74 4 2.8890022257268155e-05
74 5 0.00011534108540500443
74 6 0.00019881528686990888
74 7 0.00045299948053201966
74 8 0.000974334526977351
74 9 0.0016199836062773866
74 10 0.003675639834738744
74 11 0.007208157596077668
74 12 0.012630623485713362
74 13 0.020310363299870814
74 14 0.029696353154079255
74 15 0.03773034906526047
74 16 0.048221913883989435
74 17 0.061566292303666705
74 18 0.07355662663458354
74 19 0.08887177522309699
74 20 0.10671049941944712
74 21 0.12802188221734095
74 22 0.1570741072630256
74 23 0.2003648615122378
74 24 0.2923917729169732
74 25 0.4718094268241636
74 26 0.5068174561926606
74 27 0.5627065317799022
74 28 0.6002523069678568
74 29 0.6635392523081027
74 30 0.7117945125508771
74 31 0.7495504424606042
74 32 0.8112239064298281
74 33 0.8949520324554753
74 34 0.9347527125893914
74 35 1.004091675478605
74 36 1.06086399425444
74 37 1.133695364020443
74 38 1.209180981623106
74 39 1.2650515503767217
74 40 1.3143414205660353
