14 0 8.674992860452386e-06
14 1 7.846693518815554e-06
14 2 3.28837543384424e-06
14 3 2.4032444187469656e-05
14 4 9.238541747166348e-05
14 5 0.00013923950021053858
14 6 0.00034540395842311657
14 7 0.0006423283653733224
14 8 0.001301717749437468
14 9 0.002450022922748452
14 10 0.005260318536151254
14 11 0.009673944373105649
14 12 0.014552603757034778
14 13 0.019401304060192626
14 14 0.026143429297931016
14 15 0.03281716204500051
14 16 0.04248266789951341
14 17 0.05249190376763685
14 18 0.06573837315279718
14 19 0.0830663333004459
14 20 0.10239332015712801
14 21 0.124109066886828
14 22 0.15356568248459745
14 23 0.18316139079065816
14 24 0.2411484365728241
14 25 0.4655094947470945
14 26 0.5098705300387939
14 27 0.5606437245608898
14 28 0.5916559139579198
14 29 0.6512471937072276
14 30 0.6899729102532084
14 31 0.7556611912780752
14 32 0.8275284206861526
14 33 0.878798184606699
14 34 0.9133768183551809
14 35 0.999141328481138
14 36 1.051862661388338
14 37 1.0867667362501678
14 38 1.1935402142394145
14 39 1.2238812844813731
14 40 1.2896952569316018
15 0 3.791693400753495e-06
15 1 4.4737048247655055e-07
15 2 7.420060184956406e-06
15 3 2.0201550195496976e-05
15 4 3.5694031338510536e-05
15 5 0.0001634498322166277
15 6 0.00027879659166429475
15 7 0.0005608188679862256
15 8 0.0011518755156831643
15 9 0.002146667180796551
15 10 0.004389233289611838
15 11 0.00930568018933558
15 12 0.013657703760445042
15 13 0.019403551615018194
15 14 0.026152879698598003
15 15 0.03194701979836576
15 16 0.04202963711685116
15 17 0.05108467961526068
15 18 0.06415768941876815
15 19 0.07843485548552417
15 20 0.09897423971538308
15 21 0.12582901399247634
15 22 0.14937519245739048
15 23 0.18699532183506987
15 24 0.23892693285345926
15 25 0.46875389936632017
15 26 0.5220599846652806
15 27 0.5625412570083189
15 28 0.6040905419735836
15 29 0.6787368626478109
15 30 0.7183819099658597
15 31 0.7710363209040614
15 32 0.837958256020232
15 33 0.8660150082410524
15 34 0.9661194340532644
15 35 0.9930866695728268
15 36 1.0478416162539912
15 37 1.1427031428592604
15 38 1.1867426852390335
15 39 1.2914569182053794
15 40 1.3128699480845931
16 0 3.050012827172718e-06
16 1 6.181606460507945e-06
16 2 2.0874021645738367e-05
16 3 1.757208994569059e-05
16 4 7.84411867556972e-05
16 5 0.00012832748833685912
16 6 0.0002527222358821029
16 7 0.000570664684568971
16 8 0.0010646231790731378
16 9 0.002081373194836533
16 10 0.003955578317565326
16 11 0.007873290006518006
16 12 0.013375166633263194
16 13 0.018260417124713643
16 14 0.024496817408159524
16 15 0.032136739698938106
16 16 0.040378442629690904
16 17 0.050190243916965534
16 18 0.06301256805443217
16 19 0.08024819429505016
16 20 0.0954777232830634
16 21 0.11599891689287169
16 22 0.14409943821080679
16 23 0.18730764676848174
16 24 0.23094330057868295
16 25 0.4646726455861398
16 26 0.5183663281645616
16 27 0.5634793805754346
16 28 0.5918280552075231
16 29 0.6560085450660909
16 30 0.7076002188914495
16 31 0.7746432551556778
16 32 0.8144818209502546
16 33 0.8943598742943628
16 34 0.947221264931278
16 35 0.9788154352893346
16 36 1.0790082398569794
16 37 1.117714015550354
16 38 1.1777089527379492
16 39 1.2866479744777597
16 40 1.316340960094367
17 0 2.971950482934607e-07
17 1 5.461013077836455e-06
17 2 1.4152006821504676e-05
17 3 2.3872996223240252e-05
17 4 1.9242261045451233e-05
17 5 0.00013247383622854824
17 6 0.00023543970137317522
17 7 0.0005160880260556409
17 8 0.000971869000018857
17 9 0.0018517883025713792
17 10 0.0033603151001789853
17 11 0.006935641088834866
17 12 0.012254183437275482
17 13 0.017882418657408094
17 14 0.024244721943872102
17 15 0.031674814171780925
17 16 0.04058176848134523
17 17 0.0488877121913807
17 18 0.06133821611366553
17 19 0.07525317031865009
17 20 0.09297578771627034
17 21 0.11743587477638175
17 22 0.1430681081187149
17 23 0.1727375009858724
17 24 0.2226047773061604
17 25 0.39411702233706497
17 26 0.5176019777579559
17 27 0.5479260635788535
17 28 0.6011304521052244
17 29 0.6548026988438218
17 30 0.7212719614360141
17 31 0.7512960441870297
17 32 0.8374398771630572
17 33 0.882738913176176
17 34 0.9395080232800727
17 35 0.9672482190304076
17 36 1.0471025125974305
17 37 1.137519278954907
17 38 1.1605601181805898
17 39 1.2564129476957693
17 40 1.3175615086451327
18 0 1.776518975050357e-08
18 1 5.10392867691758e-06
18 2 1.2297163856283564e-08
18 3 2.078151300154062e-05
18 4 2.784909505689866e-05
18 5 5.731918204939669e-05
18 6 0.00018641178738671856
18 7 0.0004117852468835591
18 8 0.0006273572658158076
18 9 0.0014110643605234673
18 10 0.0029875395470514727
18 11 0.005903257354182995
18 12 0.010957947832127297
18 13 0.016932250900305597
18 14 0.022253146260086194
18 15 0.029683210814724043
18 16 0.03781319843514655
18 17 0.05154691158252637
18 18 0.060299422869538134
18 19 0.0752250387990915
18 20 0.0932697100917893
18 21 0.11533502816759378
18 22 0.13910167053281444
18 23 0.1747166226109793
18 24 0.21407474622401468
18 25 0.328454482048649
18 26 0.5051182705668252
18 27 0.5437602436321608
18 28 0.6075171175279056
18 29 0.663150928229006
18 30 0.7134086790982893
18 31 0.7491928838455592
18 32 0.8072056771995083
18 33 0.8785607072549858
18 34 0.9328974302418199
18 35 1.0190804812370198
18 36 1.027067297345404
18 37 1.140667528666699
18 38 1.152237037748105
18 39 1.238656736019552
18 40 1.2963218593797619
19 0 7.278609284936111e-08
19 1 4.39458850447897e-09
19 2 3.743144590734976e-06
19 3 2.7484699663047736e-06
19 4 4.5263939631951304e-05
19 5 7.583973490041193e-05
19 6 0.00013286047147741605
19 7 0.0002686560230107909
19 8 0.0006093941424916144
19 9 0.0013853898146551338
19 10 0.00264713128385051
19 11 0.004587652313640033
19 12 0.00961812223919105
19 13 0.01538477462481541
19 14 0.022173538712976986
19 15 0.028009306229892023
19 16 0.038422623914755705
19 17 0.04738872170782868
19 18 0.05977313303475671
19 19 0.07364977136526023
19 20 0.09180717146934424
19 21 0.11572509617084413
19 22 0.13307660292218937
19 23 0.16660503697423237
19 24 0.22105118162034623
19 25 0.31102909708932713
19 26 0.5117042629818016
19 27 0.5451616725744739
19 28 0.5965245373752959
19 29 0.6609426029791129
19 30 0.7274057059162705
19 31 0.784285884241412
19 32 0.8159914798223059
19 33 0.8543050074087896
19 34 0.9648767467133382
19 35 0.9934074391899874
19 36 1.0198824080993383
19 37 1.097464457884478
19 38 1.1864836261677012
19 39 1.231797039727371
19 40 1.3127488477233724
20 0 7.195989954342993e-09
20 1 4.690065578281723e-06
20 2 3.0272287588606608e-06
20 3 1.0093060417607611e-05
20 4 2.461657724554413e-05
20 5 3.255926286381708e-05
20 6 0.00016603383395314022
20 7 0.00019187668969503858
20 8 0.0005059878797356919
20 9 0.0011055887820407612
20 10 0.0019614550540087345
20 11 0.003968072252778007
20 12 0.008219519676860713
20 13 0.014422192571100398
20 14 0.021414890405230612
20 15 0.027178530691934405
20 16 0.037335653130203865
20 17 0.0458400092363263
20 18 0.05884647716624639
20 19 0.07217438710663888
20 20 0.09126317212488233
20 21 0.11006972882587379
20 22 0.13438123841611552
20 23 0.16520816376585415
20 24 0.21171142487170636
20 25 0.2856164866337271
20 26 0.5050213651661538
20 27 0.5516332013498282
20 28 0.5795712342313316
20 29 0.6593982094166593
20 30 0.7053694167928183
20 31 0.7840996860489098
20 32 0.8097448976981289
20 33 0.8681359516318916
20 34 0.9376974363878029
20 35 1.0097578333525887
20 36 1.0880156982503384
20 37 1.124382227409932
20 38 1.1615724592740044
20 39 1.2455178240738314
20 40 1.3671034603491823
21 0 1.4669610788797773e-09
21 1 2.3680473115501545e-06
21 2 1.442711550712885e-08
21 3 2.1132155195589788e-05
21 4 2.4228766503249387e-05
21 5 5.045238112194751e-05
21 6 0.00013538061171619522
21 7 0.00029898270629471617
21 8 0.0003972518441082962
21 9 0.0008135501173412633
21 10 0.0018091343549710818
21 11 0.0032668119530709296
21 12 0.0065857465543351194
21 13 0.012809505500666006
21 14 0.01929338788286684
21 15 0.027463547430471424
21 16 0.03438522871756657
21 17 0.04552899686093426
21 18 0.05590539775335605
21 19 0.06906051266665249
21 20 0.08805070015926768
21 21 0.10899403177744967
21 22 0.13638775794954563
21 23 0.1542779548084539
21 24 0.2040853780476401
21 25 0.2762218006121754
21 26 0.5131085550558436
21 27 0.5744228264763674
21 28 0.6177551009983937
21 29 0.633034268089153
21 30 0.7178562164850084
21 31 0.7570522987080025
21 32 0.8271919768398799
21 33 0.8845833745601507
21 34 0.9082194839639846
21 35 1.0078653894004586
21 36 1.0485703444550123
21 37 1.1056720769503725
21 38 1.183557526498729
21 39 1.290626208612556
21 40 1.3536630415678321
22 0 1.092982183606019e-09
22 1 6.194273415870426e-08
22 2 4.449125199674094e-06
22 3 2.2594072804371446e-05
22 4 1.3725576440849008e-05
22 5 2.7639932886775866e-05
22 6 9.135668728569045e-05
22 7 0.0001954203320875164
22 8 0.0003624684469011939
22 9 0.0008467521447532569
22 10 0.0013066317175056982
22 11 0.002833437554005546
22 12 0.005395590160577156
22 13 0.010702662657017468
22 14 0.017802018652750162
22 15 0.025541435018294947
22 16 0.033944881643201134
22 17 0.04505333289563951
22 18 0.054885043356849815
22 19 0.0702978905732745
22 20 0.08938938189053028
22 21 0.10611265181252844
22 22 0.1343560470164662
22 23 0.15840056515215958
22 24 0.19544383880501165
22 25 0.2609255183237086
22 26 0.49810819176811255
22 27 0.5574929410043505
22 28 0.6111671443090144
22 29 0.6610248991006487
22 30 0.7012945204502555
22 31 0.774244720520778
22 32 0.8258760205890472
22 33 0.8646615082376313
22 34 0.9505649914219974
22 35 1.0037013405563138
22 36 1.0795526019951331
22 37 1.1256431785600238
22 38 1.1831276115467648
22 39 1.2392689123845255
22 40 1.361487639191109
23 0 1.1903682366054029e-09
23 1 5.0467496191526e-09
23 2 6.24943060560518e-06
23 3 4.22601017927857e-06
23 4 2.499519245156673e-05
23 5 6.768457613560726e-06
23 6 3.480457449252848e-05
23 7 0.00011188127102367142
23 8 0.00022057709977123542
23 9 0.000573645374284026
23 10 0.001263455776462808
23 11 0.002268294891674583
23 12 0.004287605204841127
23 13 0.008603158127748799
23 14 0.015948340441786092
23 15 0.023271471116085202
23 16 0.03297833276197712
23 17 0.042191971873650744
23 18 0.05611901787112456
23 19 0.07044316168962976
23 20 0.08551598518530303
23 21 0.10753993043004534
23 22 0.12974587041823601
23 23 0.15666835099760226
23 24 0.19368962397237663
23 25 0.25854962878500554
23 26 0.4144977514200328
23 27 0.5642517500817
23 28 0.5977571855694016
23 29 0.674151382848325
23 30 0.7139157092675962
23 31 0.7865739689092217
23 32 0.8044860515473685
23 33 0.8855968423629809
23 34 0.9469382025946085
23 35 0.9978312651744625
23 36 1.0766866245485376
23 37 1.1112240884540936
23 38 1.2025888979139279
23 39 1.2383046076209
23 40 1.3148620855457638
24 0 8.509693048305713e-10
24 1 2.2159172504927166e-09
24 2 3.463086521208355e-09
24 3 1.0112573027430411e-08
24 4 1.3667344273849805e-05
24 5 1.1887845346739064e-05
24 6 5.967082819714096e-05
24 7 8.77520196391699e-05
24 8 0.00022720718246547488
24 9 0.0005575314819092015
24 10 0.0009224325926291945
24 11 0.0018456486149546405
24 12 0.0034170575022771247
24 13 0.006581580277202168
24 14 0.013062873879868193
24 15 0.022232232894731505
24 16 0.03158122734235196
24 17 0.041238651860539335
24 18 0.053613740250470804
24 19 0.06944085188040222
24 20 0.08465622871054085
24 21 0.10211142669400095
24 22 0.1260969030752191
24 23 0.15387823633984463
24 24 0.18786419331513468
24 25 0.25235189407702857
24 26 0.37028590587318494
24 27 0.5519346358972794
24 28 0.6091580574012503
24 29 0.6546501483766035
24 30 0.7030333747879495
24 31 0.7557911299487923
24 32 0.8252459118295181
24 33 0.8928705763950655
24 34 0.9317689343401122
24 35 0.9736094305119121
24 36 1.0883724666737693
24 37 1.1274908123979537
24 38 1.1975551148086545
24 39 1.2507736917261045
24 40 1.355845856531799
25 0 1.927325116073427e-09
25 1 1.9418149697436707e-09
25 2 3.748093637263161e-09
25 3 1.5030759575635488e-08
25 4 3.5862124956532904e-06
25 5 2.5355488093988967e-05
25 6 8.59704689457087e-05
25 7 0.00011430703191466991
25 8 0.00022811960006898936
25 9 0.00034082523120325956
25 10 0.0007130815423999023
25 11 0.0016136953887474518
25 12 0.0027858465072294514
25 13 0.005676784755738216
25 14 0.010753021310205151
25 15 0.020012237473498565
25 16 0.028534628129967713
25 17 0.03907374596409591
25 18 0.05112235558524199
25 19 0.06454362842235833
25 20 0.08084942509925731
25 21 0.10099282503481538
25 22 0.12586699941681453
25 23 0.14778075325114481
25 24 0.18268959027088882
25 25 0.23388725218572334
25 26 0.35886686837710047
25 27 0.5552911096830673
25 28 0.595776371184182
25 29 0.6662079643499127
25 30 0.7207187515842468
25 31 0.7621913008242834
25 32 0.819409349290818
25 33 0.8525056948729807
25 34 0.9794886205273872
25 35 0.9889438407926067
25 36 1.0572778776438956
25 37 1.1285478699161264
25 38 1.1919814037204466
25 39 1.2322545534206335
25 40 1.3151281400465766
26 0 7.089372733775677e-10
26 1 1.3500915575470267e-09
26 2 1.7312876035890355e-08
26 3 3.069865317201964e-06
26 4 1.0854417623621335e-08
26 5 1.917834591404139e-05
26 6 2.931068343254487e-05
26 7 8.223198964138728e-05
26 8 9.82109654048561e-05
26 9 0.00024397892911823168
26 10 0.0006524282221670699
26 11 0.0009502349665876929
26 12 0.002351471271299573
26 13 0.004388239121310826
26 14 0.008389746524291503
26 15 0.016383384046984098
26 16 0.026394444202164878
26 17 0.039464765770965
26 18 0.048216029157130115
26 19 0.06306889789427211
26 20 0.08159557685700664
26 21 0.09840692048936664
26 22 0.12070249855284558
26 23 0.14675939953276274
26 24 0.1801553629347377
26 25 0.23438689334072077
26 26 0.3328633236714687
26 27 0.5668270296479975
26 28 0.6091355655110636
26 29 0.6717255838015453
26 30 0.705155092938627
26 31 0.7606705671792472
26 32 0.8530045340144374
26 33 0.8763721333235415
26 34 0.9507073105720243
26 35 0.9952095268935159
26 36 1.0433571026224226
26 37 1.1160645732437953
26 38 1.1868997887888324
26 39 1.2428497596680943
26 40 1.2913197107431829
27 0 5.706010261743818e-10
27 1 2.3725397814440717e-09
27 2 2.8466297536758923e-09
27 3 1.4163951018483e-08
27 4 5.2044856923964615e-06
27 5 5.631834229797056e-06
27 6 3.530648307707796e-05
27 7 8.063250348937812e-05
27 8 0.00013342058158738755
27 9 0.0002364125576077766
27 10 0.00048457322992214466
27 11 0.0008996029017830182
27 12 0.0018937856024599834
27 13 0.003338217362420377
27 14 0.00656989880342208
27 15 0.01264801535861036
27 16 0.023658880402012944
27 17 0.03468570351641781
27 18 0.04698576457267395
27 19 0.06148793472871171
27 20 0.07772694168048117
27 21 0.09731357422029326
27 22 0.11607990767105748
27 23 0.14585473582527064
27 24 0.1795758002510259
27 25 0.22389474093791809
27 26 0.3203476840335935
27 27 0.5618139294853076
27 28 0.591022423075851
27 29 0.6709454033472945
27 30 0.7122081775286851
27 31 0.7607381542229249
27 32 0.8206447653215014
27 33 0.8807132293087434
27 34 0.9462888726039494
27 35 1.0212077514373301
27 36 1.0791003391217253
27 37 1.106909095539893
27 38 1.1811589774355704
27 39 1.2073483775505531
27 40 1.321714093511317
28 0 6.6498859079073284e-06
28 1 2.4218439868815243e-09
28 2 2.457691151199971e-09
28 3 5.7996671577721876e-08
28 4 2.5508802532142593e-08
28 5 1.8839995021626578e-08
28 6 1.9103079676386274e-05
28 7 4.4069201662893735e-05
28 8 6.96979275731485e-05
28 9 0.00017120649197957245
28 10 0.00029310303855815506
28 11 0.0007193638832397136
28 12 0.0017476513870111488
28 13 0.002647795020504611
28 14 0.0053290535415757515
28 15 0.010125953716229008
28 16 0.019325005757127797
28 17 0.03283796964520041
28 18 0.046138648395880055
28 19 0.05863418216804482
28 20 0.07507390651553272
28 21 0.09763122526562155
28 22 0.11742191080561995
28 23 0.14257791952024562
28 24 0.17341150177173698
28 25 0.2135769598857102
28 26 0.29475020836114296
28 27 0.5465669244004412
28 28 0.6114320776063259
28 29 0.6459618980981738
28 30 0.6996529131179784
28 31 0.7744237761113274
28 32 0.8059741405065101
28 33 0.8743517331750574
28 34 0.9509064185639492
28 35 0.9956989013318853
28 36 1.0696283761012688
28 37 1.1519270662763463
28 38 1.2113473065390605
28 39 1.2195880590635857
28 40 1.3060536936238754
29 0 1.0876718328069019e-09
29 1 9.958937969086038e-06
29 2 3.1559282588943333e-09
29 3 1.180517444770364e-05
29 4 8.880833953065102e-09
29 5 2.199153709055854e-06
29 6 1.3064266182007258e-05
29 7 9.650578049572697e-06
29 8 3.587815500429025e-05
29 9 0.00012040508461590937
29 10 0.00028726318753041275
29 11 0.0006088763878699228
29 12 0.0012285063398147062
29 13 0.0021053294123523606
29 14 0.003984981805245888
29 15 0.007900373210864602
29 16 0.01493424699919628
29 17 0.027664267577225798
29 18 0.04184399537492727
29 19 0.05876420647460866
29 20 0.07394834976285147
29 21 0.09156471870282068
29 22 0.11298540502530587
29 23 0.13823423480503494
29 24 0.17285808772380082
29 25 0.21647665589231924
29 26 0.2915336491029631
29 27 0.48224460786338397
29 28 0.6011786182463953
29 29 0.6598238564646313
29 30 0.7044734241010817
29 31 0.7682602737660446
29 32 0.8051066448511554
29 33 0.8607448612672844
29 34 0.9539707752123002
29 35 1.0179351210680023
29 36 1.0769211068314801
29 37 1.1120950734406716
29 38 1.2170871031522617
29 39 1.2334024564280661
29 40 1.3252652501455502
30 0 4.725744354917747e-10
30 1 1.1788468389625833e-09
30 2 2.249981227368249e-09
30 3 4.62257503538339e-09
30 4 1.2585396215048408e-08
30 5 9.892346382160765e-06
30 6 3.3700105853731344e-08
30 7 1.7125210499634734e-07
30 8 5.6360210022994685e-05
30 9 9.976205080460291e-05
30 10 0.00019040766133223506
30 11 0.0005040590189416108
30 12 0.0009455008258661266
30 13 0.0015907495905386527
30 14 0.003230202493406656
30 15 0.006096741907260927
30 16 0.012003943622903173
30 17 0.02172633778612602
30 18 0.03762972637064428
30 19 0.05434261149580601
30 20 0.06994008592291356
30 21 0.09225524281559715
30 22 0.1072625120203135
30 23 0.13632944460892824
30 24 0.16380374557485883
30 25 0.20688954162670825
30 26 0.27550729078872593
30 27 0.416946297056979
30 28 0.6047807200721995
30 29 0.6739084365163173
30 30 0.7019907154752351
30 31 0.7769773571372585
30 32 0.8347243735918706
30 33 0.8691102491419388
30 34 0.9370615847541623
30 35 0.9740407545718217
30 36 1.0514244465252067
30 37 1.1068696562690674
30 38 1.1706660728383012
30 39 1.2560222679131963
30 40 1.3122837825465128
31 0 6.21783832418628e-10
31 1 9.929020988846723e-10
31 2 1.781458020749804e-09
31 3 2.717373700528756e-09
31 4 1.6275991388017614e-05
31 5 1.2772193534787518e-05
31 6 2.4712353038404854e-08
31 7 2.9322794158704056e-07
31 8 1.9118943989287223e-05
31 9 2.898730080226256e-05
31 10 4.156332735253813e-05
31 11 0.0003535809432885656
31 12 0.0006583318904742995
31 13 0.0014127588072345855
31 14 0.002589890237007516
31 15 0.005108173101697089
31 16 0.009107760552576508
31 17 0.01784035921646534
31 18 0.033167446061202
31 19 0.051752598987035936
31 20 0.0677901453503342
31 21 0.08570570111234306
31 22 0.10495835883915627
31 23 0.13181971476570004
31 24 0.16529108352291888
31 25 0.2050359185074808
31 26 0.262398303926029
31 27 0.3859603269036882
31 28 0.6031696074757419
31 29 0.6628802652525961
31 30 0.71737771552696
31 31 0.7819179611840583
31 32 0.8133620714612323
31 33 0.8877235996930783
31 34 0.9296536811296091
31 35 0.9908802181671447
31 36 1.0572119252412866
31 37 1.123718273618712
31 38 1.1961462253413506
31 39 1.273411759064069
31 40 1.306413447465847
32 0 4.529180508516491e-10
32 1 8.426423090476032e-10
32 2 2.01493693717557e-09
32 3 2.7561520092964758e-09
32 4 1.0286595276939048e-08
32 5 1.3352319556995798e-08
32 6 5.251248126850559e-08
32 7 4.082131185307431e-06
32 8 8.20314271132486e-06
32 9 4.466424472948933e-05
32 10 0.00011681247960454903
32 11 0.00035100224700324907
32 12 0.000500595894234239
32 13 0.0010286441072565517
32 14 0.0023634025706252755
32 15 0.0042327258465600925
32 16 0.00697131354869212
32 17 0.014799433584010322
32 18 0.025987427413628354
32 19 0.04411319784729751
32 20 0.06219959867146164
32 21 0.0845666174421096
32 22 0.10578300411798196
32 23 0.13033368879138196
32 24 0.16161535353284645
32 25 0.19086855299243471
32 26 0.2597126288565952
32 27 0.35209318467535866
32 28 0.5858065788351583
32 29 0.6534833332926805
32 30 0.7089957133107911
32 31 0.7709830043678321
32 32 0.8164261619037214
32 33 0.8568096658749961
32 34 0.9291276234049702
32 35 1.0092606077350867
32 36 1.0433081665671655
32 37 1.1232851630416139
32 38 1.2181199333059554
32 39 1.2367247580940643
32 40 1.3411297779691937
33 0 5.43094481690086e-10
33 1 6.931129849238168e-10
33 2 1.7675187900333038e-09
33 3 4.852821826735414e-09
33 4 9.660472159514394e-09
33 5 1.1930015762754522e-08
33 6 4.94448403637939e-08
33 7 1.1203653818935623e-05
33 8 6.4216918250728865e-06
33 9 8.195670524185905e-05
33 10 9.038114623065526e-05
33 11 0.0002576549233910427
33 12 0.00036222255632480696
33 13 0.0009932779726621484
33 14 0.0015313822154586056
33 15 0.00326698949700207
33 16 0.005450992897895867
33 17 0.011025002379250302
33 18 0.01971562475491298
33 19 0.03770544726152314
33 20 0.05798059465873124
33 21 0.0789091019167038
33 22 0.10023097778281621
33 23 0.12953974137096252
33 24 0.1588100762998165
33 25 0.19269207678005776
33 26 0.2527671626967536
33 27 0.35663894329059664
33 28 0.5916341605525051
33 29 0.6585026455294459
33 30 0.6976245489194935
33 31 0.7675901691000309
33 32 0.8318283208387051
33 33 0.8989912439969903
33 34 0.9282244501433448
33 35 1.018583876087235
33 36 1.0494693760053677
33 37 1.110740416970499
33 38 1.1760440197371642
33 39 1.256942133103323
33 40 1.32443350195378
34 0 3.1201145163454843e-10
34 1 8.939681909851476e-10
34 2 1.346245287993997e-09
34 3 2.39301716485674e-09
34 4 5.495906931152168e-09
34 5 9.83912326043631e-09
34 6 2.708886267282921e-08
34 7 4.8483165996732827e-08
34 8 1.1101356237039338e-05
34 9 5.2386834739303324e-05
34 10 7.098936648649783e-05
34 11 0.0001346502212292946
34 12 0.0002412625774151984
34 13 0.0006037000158427094
34 14 0.0012949132599347378
34 15 0.002727511713868162
34 16 0.004859883821287383
34 17 0.008606196438861336
34 18 0.016132306770597325
34 19 0.030481836594224786
34 20 0.05416917547653445
34 21 0.07411684474294832
34 22 0.09886656109290752
34 23 0.12221278395328211
34 24 0.1532194353851794
34 25 0.19136455207007907
34 26 0.2414252236192699
34 27 0.32746052625314154
34 28 0.6300535091183264
34 29 0.6593668116652975
34 30 0.7215796526527541
34 31 0.7648977661870081
34 32 0.7996998703889385
34 33 0.8964886577444892
34 34 0.9470800965456334
34 35 1.0121926258919782
34 36 1.0869212966476058
34 37 1.10988018203067
34 38 1.1809083624663113
34 39 1.2864547929627805
34 40 1.3409002598994075
35 0 3.509307696701668e-10
35 1 6.986486480188558e-10
35 2 1.997323769468957e-09
35 3 3.09679105984351e-09
35 4 3.986703702446146e-09
35 5 1.2964587274790951e-08
35 6 3.816392196192483e-08
35 7 3.627999032364917e-08
35 8 1.8198103979577333e-05
35 9 2.6673665895677757e-05
35 10 0.00010983576164572692
35 11 0.00013615092339268355
35 12 0.0003177706356774796
35 13 0.0004629388995618755
35 14 0.0006736061393645223
35 15 0.001700026162427352
35 16 0.0037042978185553564
35 17 0.006471906704399787
35 18 0.013038351489494183
35 19 0.024580184418495698
35 20 0.044997686890278624
35 21 0.07011435839650755
35 22 0.09131787165571302
35 23 0.11746232228361178
35 24 0.1510156897212426
35 25 0.181744943312354
35 26 0.2296604915535213
35 27 0.3163863018573927
35 28 0.603755531874699
35 29 0.6692678893209006
35 30 0.6949722583729881
35 31 0.7569365946894206
35 32 0.8379523011864245
35 33 0.8965923639497342
35 34 0.9422447559853226
35 35 0.9729489144446778
35 36 1.054850947380251
35 37 1.1257457770081813
35 38 1.164630339617949
35 39 1.236938317666848
35 40 1.3269050543757719
36 0 3.903259859665387e-10
36 1 7.53957159054008e-10
36 2 1.4694892994639647e-09
36 3 2.6048504630271962e-09
36 4 5.4777349271295415e-09
36 5 9.322116768986186e-09
36 6 1.8266259857653737e-08
36 7 3.444440092435434e-08
36 8 1.0739403703199657e-07
36 9 1.1211632170569114e-07
36 10 2.3242230006412932e-05
36 11 3.475885928637271e-05
36 12 0.00016411385895734375
36 13 0.00036805459745866884
36 14 0.0008610143173322587
36 15 0.001687813770223616
36 16 0.002755163282797517
36 17 0.005183229766491713
36 18 0.01009458717989833
36 19 0.020357252985488544
36 20 0.03933845419236502
36 21 0.06511765064378813
36 22 0.08680986816945828
36 23 0.11416413071895888
36 24 0.14121050809932467
36 25 0.17720316714524598
36 26 0.2301700513283858
36 27 0.3020082213403215
36 28 0.5402746928776008
36 29 0.6448066518937392
36 30 0.7143797212532469
36 31 0.7683075985945197
36 32 0.8360731665422669
36 33 0.9110816715698886
36 34 0.9703290635470164
36 35 1.0038780314559845
36 36 1.0674332351506566
36 37 1.1299036259524247
36 38 1.1702602531687623
36 39 1.2574496594686115
36 40 1.33744107555942
37 0 3.8950184773608997e-10
37 1 1.0748612493268753e-09
37 2 1.3976957038825276e-09
37 3 3.735098740500932e-09
37 4 1.06469440448477e-08
37 5 1.1389150372489409e-08
37 6 4.119968935896242e-08
37 7 8.847850433398476e-08
37 8 1.3245460413496345e-07
37 9 1.6362875556825948e-06
37 10 3.1230289978399225e-07
37 11 9.234050202434142e-05
37 12 0.00018605357749281902
37 13 0.00032972205330623856
37 14 0.0006808428271507978
37 15 0.001119685288699823
37 16 0.0027389203912625754
37 17 0.004786272598760866
37 18 0.011039044910803096
37 19 0.01599882755637617
37 20 0.0332845403666447
37 21 0.05791218829075551
37 22 0.08356505432833125
37 23 0.11038939480353523
37 24 0.13761332657657607
37 25 0.17534456757539343
37 26 0.21846332970373486
37 27 0.2882465532082535
37 28 0.4611189058261123
37 29 0.678994392566275
37 30 0.695429086470674
37 31 0.7623520070778429
37 32 0.8096966538962741
37 33 0.8538297794019729
37 34 0.984744034401269
37 35 1.0055145803476246
37 36 1.0726908162985096
37 37 1.1380734218547515
37 38 1.2112828787173515
37 39 1.292837138278806
37 40 1.3672225311260802
38 0 7.392043008193062e-10
38 1 1.073883103020212e-09
38 2 1.49594196924428e-09
38 3 2.1733564345792674e-09
38 4 4.4974880331346465e-09
38 5 8.599706101424464e-09
38 6 1.5339173623656007e-08
38 7 5.7794805302166725e-08
38 8 7.941282530436582e-08
38 9 1.376874782399903e-05
38 10 3.9813312670662195e-05
38 11 6.565281849097976e-06
38 12 7.784743991127687e-05
38 13 0.00016285985387980194
38 14 0.0004946292269374876
38 15 0.0011134653828302223
38 16 0.0014491327040155948
38 17 0.004718862866269566
38 18 0.0077119917653712495
38 19 0.01592109512113186
38 20 0.030083239139136412
38 21 0.05394484629171161
38 22 0.0842624747488659
38 23 0.10332288466513201
38 24 0.1371302963335865
38 25 0.16643063389856116
38 26 0.2161752321307345
38 27 0.2713159384317907
38 28 0.4366308972964348
38 29 0.6715722649505715
38 30 0.6911849516778195
38 31 0.7303202026548301
38 32 0.8227840761444395
38 33 0.8887166900080492
38 34 0.9463763935648692
38 35 0.9965184653960132
38 36 1.0562563722287313
38 37 1.1150774119020141
38 38 1.1625858361820305
38 39 1.2437118302489274
38 40 1.3012610436214744
39 0 6.423789897186346e-10
39 1 1.2136200178814249e-09
39 2 2.1321451165332043e-09
39 3 2.969161398729183e-09
39 4 6.02037687909758e-09
39 5 8.94630611304846e-09
39 6 2.042718666990786e-08
39 7 3.3868233051469025e-08
39 8 1.5707257397651343e-07
39 9 7.65855233398253e-06
39 10 2.5224090949591143e-07
39 11 3.51123020710297e-05
39 12 5.326266010010725e-05
39 13 0.0003428899796634747
39 14 0.0004187562471664097
39 15 0.0010090521799141247
39 16 0.0014229970232731619
39 17 0.004331950819623046
39 18 0.006864352037012981
39 19 0.014375940214810323
39 20 0.026950688992426024
39 21 0.05091114623468459
39 22 0.07943262340625433
39 23 0.10470649423204989
39 24 0.13329471585649566
39 25 0.1690418007292504
39 26 0.20856671514289465
39 27 0.27057519687021536
39 28 0.38867511134694527
39 29 0.6512924775900893
39 30 0.6973285592065765
39 31 0.7635090780034026
39 32 0.7933107877063053
39 33 0.865218831537943
39 34 0.9442562630579123
39 35 0.9865279077201123
39 36 1.0677993490394595
39 37 1.1178825808561759
39 38 1.1972202053878014
39 39 1.2251770940061983
39 40 1.3130434608550288
40 0 6.388571910913457e-10
40 1 1.3273184974813633e-09
40 2 2.347179151494436e-09
40 3 2.735725950064358e-09
40 4 6.553833395930451e-09
40 5 7.93767214050845e-09
40 6 1.846427373157511e-08
40 7 1.7071374406272075e-05
40 8 5.543341397397451e-08
40 9 1.9461815592470346e-05
40 10 3.3884882806148905e-05
40 11 2.7945161910425565e-05
40 12 2.7644753701960017e-05
40 13 0.00014177220527801474
40 14 0.0003495838306092808
40 15 0.0009365056297635721
40 16 0.0014505081288845607
40 17 0.0030900977025687796
40 18 0.006586273403868118
40 19 0.012368710646645409
40 20 0.025669668320310462
40 21 0.04408224775673595
40 22 0.07522624188667854
40 23 0.10102489132329488
40 24 0.13042812109958785
40 25 0.16678613663506284
40 26 0.20586840791505842
40 27 0.25653008621123347
40 28 0.37508757737927373
40 29 0.6523672897814514
40 30 0.7281997391060193
40 31 0.7655531617726826
40 32 0.8311275399127073
40 33 0.8651489952948986
40 34 0.9563248212218274
40 35 0.9873651266319273
40 36 1.0466633154009062
40 37 1.114664603316609
40 38 1.1490301675588546
40 39 1.2731623018158664
40 40 1.2913735715524282
41 0 8.973508631558467e-10
41 1 1.702739734628299e-09
41 2 3.598983785943538e-09
41 3 3.3652558256672208e-09
41 4 1.1686812857302076e-08
41 5 9.365218081444368e-09
41 6 5.347636548946364e-08
41 7 7.45914083651604e-08
41 8 8.358781929164746e-08
41 9 1.7729025942971965e-07
41 10 4.101776777637506e-05
41 11 4.822473478792297e-05
41 12 0.00015563963049522353
41 13 8.360887436766066e-05
41 14 0.0002472695430186992
41 15 0.0007021445099661025
41 16 0.0018692668108338268
41 17 0.002934627593439159
41 18 0.006005991721454102
41 19 0.013332346240462076
41 20 0.02291245588157359
41 21 0.04263578128450293
41 22 0.07202337084650623
41 23 0.10253247627752778
41 24 0.13031727429397613
41 25 0.1608685542082799
41 26 0.19986185038439144
41 27 0.25004503592460153
41 28 0.35403546964578353
41 29 0.6847423266584941
41 30 0.7109900078786967
41 31 0.7551523292347713
41 32 0.8217428909968245
41 33 0.8646855705947343
41 34 0.9503049385452119
41 35 0.9891625899870942
41 36 1.0531894445614338
41 37 1.1488221351493495
41 38 1.2030990196012639
41 39 1.2689141413170049
41 40 1.3019994358050078
42 0 8.69605665780535e-10
42 1 1.9178094348200486e-09
42 2 2.461261412641706e-09
42 3 3.2491772877553824e-09
42 4 5.801655421099154e-09
42 5 9.694764254690877e-09
42 6 2.0290574836631518e-08
42 7 4.15639301440091e-08
42 8 6.148137846881606e-08
42 9 2.3298704206501244e-07
42 10 4.782411322129682e-07
42 11 2.4626788237103177e-05
42 12 0.00010610805868843338
42 13 0.00020617930589345517
42 14 0.00019336432831883505
42 15 0.0006179100033917539
42 16 0.0015657858621148353
42 17 0.003117802813183185
42 18 0.004977478977887695
42 19 0.012985985239437019
42 20 0.022008354343706214
42 21 0.04454319330020099
42 22 0.07200986569760408
42 23 0.09599385698539496
42 24 0.12580364472383562
42 25 0.15705404865374648
42 26 0.19658496512954182
42 27 0.2509913643057728
42 28 0.3436108176352374
42 29 0.6703372926914664
42 30 0.7215269527489112
42 31 0.7555594562430149
42 32 0.8035153348283073
42 33 0.8769684196173162
42 34 0.9458758841048855
42 35 1.0009383030288166
42 36 1.0668940211275002
42 37 1.1268455910187893
42 38 1.2147602793978458
42 39 1.2515755135623494
42 40 1.321368552029884
43 0 1.1683022872824673e-09
43 1 2.256628171730466e-09
43 2 2.8824806167868273e-09
43 3 3.6909637321647165e-09
43 4 8.042135078279963e-09
43 5 4.6709116433485795e-08
43 6 2.96758738913054e-07
43 7 6.424381152231305e-08
43 8 1.15513503294415e-07
43 9 2.858431137326483e-07
43 10 6.263801267306562e-06
43 11 4.927041505682894e-05
43 12 6.320451964918574e-05
43 13 0.00010565051047074416
43 14 0.0002361969451301674
43 15 0.0005031510557518287
43 16 0.0017931633466410734
43 17 0.002876304493083996
43 18 0.006144894783685834
43 19 0.009784035099530422
43 20 0.022703146668027644
43 21 0.04157869881978995
43 22 0.07095326580234235
43 23 0.09842698691625743
43 24 0.12338460321153687
43 25 0.15779334271690462
43 26 0.19670449591601147
43 27 0.24732476543712542
43 28 0.3278445186944877
43 29 0.6604219331268819
43 30 0.706238007417044
43 31 0.7636123010955284
43 32 0.8330162445063721
43 33 0.866760754758783
43 34 0.9316356167192147
43 35 1.024466814282979
43 36 1.0555873234026165
43 37 1.1461999034050039
43 38 1.1810783778346157
43 39 1.2762132279903031
43 40 1.309316406280991
44 0 1.2214890554715828e-09
44 1 2.5434080613088806e-09
44 2 3.627890581969631e-09
44 3 4.425266767335098e-09
44 4 7.120290459823064e-09
44 5 1.1047199753546804e-08
44 6 7.382713832194787e-08
44 7 1.160505391504881e-07
44 8 6.788456108061478e-08
44 9 1.7869404081993865e-07
44 10 3.996886732097073e-07
44 11 2.2058175638841437e-05
44 12 4.16543551628723e-05
44 13 0.00013072799417786576
44 14 0.00016362364001385406
44 15 0.0008047659935576565
44 16 0.0011785873538241191
44 17 0.0028051483786239654
44 18 0.004741053648145224
44 19 0.010764339533000057
44 20 0.020901021481543443
44 21 0.040003790632824054
44 22 0.0709492856556667
44 23 0.09953301595027221
44 24 0.1244294192364544
44 25 0.15795314049890286
44 26 0.19543486146672862
44 27 0.2455967068980196
44 28 0.3354177250796102
44 29 0.6449671659303408
44 30 0.7180927955780863
44 31 0.757679980026334
44 32 0.8053864620789917
44 33 0.8825315088983163
44 34 0.9497820286405964
44 35 1.020205340993647
44 36 1.0422717542214937
44 37 1.1207613535021614
44 38 1.199907927336024
44 39 1.2697417822456485
44 40 1.357704493123243
45 0 1.494596783716293e-09
45 1 2.9319384813538283e-09
45 2 3.7644096173734156e-09
45 3 4.738783632338371e-09
45 4 6.2990370727001266e-09
45 5 1.6882747984561943e-08
45 6 2.0809860476607894e-08
45 7 3.699884463804863e-08
45 8 8.243512530598598e-08
45 9 5.13294488525682e-07
45 10 2.3586192087148398e-07
45 11 1.0112379369975124e-05
45 12 0.0001512701907556832
45 13 8.80764941052248e-05
45 14 0.0004206643874858595
45 15 0.0006251316849838977
45 16 0.0010384924580621967
45 17 0.0027823744658908435
45 18 0.005970727716587912
45 19 0.011235135488894292
45 20 0.01968241079796741
45 21 0.04042083327266881
45 22 0.0700777305853871
45 23 0.09492825546247854
45 24 0.12161753575335146
45 25 0.1526807207992598
45 26 0.19225711459468853
45 27 0.24030011132066428
45 28 0.324091829550705
45 29 0.6826693361795712
45 30 0.6973394525453915
45 31 0.7690105349113424
45 32 0.8233227973567586
45 33 0.8742610838219612
45 34 0.9093194681074941
45 35 1.010545868039249
45 36 1.096640403666813
45 37 1.1456055762731545
45 38 1.1797698483177392
45 39 1.2421273343893138
45 40 1.3533545502172626
46 0 1.6250968730458687e-09
46 1 3.5210004999665826e-09
46 2 4.427962305678672e-09
46 3 8.550191074791416e-09
46 4 8.169635067759602e-09
46 5 1.255379718283416e-08
46 6 1.9186183732245014e-08
46 7 3.276094266253073e-08
46 8 1.2015721718895484e-07
46 9 6.764022169424669e-07
46 10 3.2297898517889004e-07
46 11 8.298463628902438e-05
46 12 7.750283056666181e-05
46 13 0.00017338112812454636
46 14 0.00034883171740017574
46 15 0.0008200225726209519
46 16 0.0013648374172955178
46 17 0.0030371003806386365
46 18 0.005256472944637049
46 19 0.010543273148198173
46 20 0.02263982765817724
46 21 0.04254387341393078
46 22 0.07091941978635244
46 23 0.0947723994335089
46 24 0.12132581146746149
46 25 0.1583520056922051
46 26 0.18986367800379766
46 27 0.24003157676224982
46 28 0.31201055856185034
46 29 0.6484875173707595
46 30 0.7105966804926029
46 31 0.7798989853645204
46 32 0.8337359698982456
46 33 0.896288732078619
46 34 0.9492460510772258
46 35 0.9939407250817243
46 36 1.0753093686205923
46 37 1.1116317346530713
46 38 1.1964973561530763
46 39 1.2603135486384567
46 40 1.3111529980453058
47 0 1.761094838403877e-09
47 1 3.87669087273769e-09
47 2 4.917098177453228e-09
47 3 5.9455379284815365e-09
47 4 8.186044950733863e-09
47 5 1.1444883178646018e-08
47 6 3.4590550115129265e-08
47 7 1.2808861547858334e-07
47 8 5.843022324247086e-08
47 9 1.621034959392696e-07
47 10 1.7557105076965553e-05
47 11 1.1907541522982655e-06
47 12 7.030713624205174e-05
47 13 7.10987900711459e-05
47 14 0.000389998387694985
47 15 0.000715656577219166
47 16 0.0012969157081769043
47 17 0.003761863679874512
47 18 0.005865894158232389
47 19 0.01058674721104957
47 20 0.023084731667248143
47 21 0.0441395955209455
47 22 0.07075647602621402
47 23 0.09808388443791842
47 24 0.12647815785488886
47 25 0.15167400395347744
47 26 0.1914370007995937
47 27 0.2393398869273402
47 28 0.3234630957108487
47 29 0.6332203591858995
47 30 0.7127058290199318
47 31 0.7678084957866929
47 32 0.7996630412425906
47 33 0.8909218953988634
47 34 0.9394238738845153
47 35 0.9741734640518278
47 36 1.0683608285721076
47 37 1.1415033205578675
47 38 1.1602269074797396
47 39 1.2141074050134182
47 40 1.326404157571475
48 0 2.09102664602617e-09
48 1 4.600023436718184e-09
48 2 5.8281202080209855e-09
48 3 6.665217678150039e-09
48 4 8.645512022741243e-09
48 5 1.3698594513447186e-08
48 6 2.5861784928055375e-08
48 7 8.472432442842206e-08
48 8 9.027957464698192e-08
48 9 2.419018172463981e-07
48 10 2.317322826265207e-05
48 11 3.1073627233909778e-06
48 12 5.563762340214312e-05
48 13 0.00024190478923152178
48 14 0.00038421849822198984
48 15 0.0009979524213868257
48 16 0.0017264446877764406
48 17 0.003222995829409121
48 18 0.006580124096604231
48 19 0.012625539851313365
48 20 0.024488775465062552
48 21 0.04408738469189674
48 22 0.06973177575747314
48 23 0.09999080529472251
48 24 0.12432910956701826
48 25 0.15649771921556896
48 26 0.19088378422205077
48 27 0.2393561626692931
48 28 0.3241318049654609
48 29 0.6126483489158397
48 30 0.706121913118743
48 31 0.7641063886043912
48 32 0.8487849172582742
48 33 0.8971783656209417
48 34 0.9372952613653767
48 35 1.0131636935700263
48 36 1.066958527915762
48 37 1.0898047183538868
48 38 1.149187759389668
48 39 1.2616929518686186
48 40 1.361289905581568
49 0 2.547377383622981e-09
49 1 5.251719999894728e-09
49 2 6.9344913396267545e-09
49 3 8.526233769161175e-09
49 4 2.493546185688816e-08
49 5 1.4492091447287033e-08
49 6 2.3190960015901253e-08
49 7 3.6026540528965446e-08
49 8 6.445103854449561e-08
49 9 1.953593832915295e-05
49 10 2.4075205775109428e-05
49 11 3.3371512743575405e-05
49 12 4.354068741933224e-05
49 13 0.0003102764511749154
49 14 0.0005192626734217303
49 15 0.0008757101814316064
49 16 0.001564800625463734
49 17 0.0031450295685916626
49 18 0.0068388524311679575
49 19 0.013426234737469837
49 20 0.023763186534736785
49 21 0.046770230164310866
49 22 0.07505327524785935
49 23 0.10033255003728261
49 24 0.12710225520811308
49 25 0.15845497961389718
49 26 0.19363251533706513
49 27 0.24031219160069123
49 28 0.34442652214752756
49 29 0.6121167683637909
49 30 0.7014931676985352
49 31 0.760219303026867
49 32 0.8304895459315438
49 33 0.9021977052068485
49 34 0.9592236748384523
49 35 0.9995091275995331
49 36 1.0607638239058519
49 37 1.1166024339970924
49 38 1.2178862108048658
49 39 1.225648145396026
49 40 1.2740718830615465
50 0 2.620957641099652e-09
50 1 5.732663593932846e-09
50 2 7.556138291756948e-09
50 3 9.174432524095782e-09
50 4 1.0186712441798902e-08
50 5 1.4462903220241853e-08
50 6 2.222661953975873e-08
50 7 4.507030807654183e-08
50 8 6.474688227092163e-08
50 9 7.540731331149168e-06
50 10 1.6962008966970285e-05
50 11 2.8630415678981425e-05
50 12 3.1419728752236765e-06
50 13 0.00025833705739159184
50 14 0.00037469939615067063
50 15 0.0008350225898296939
50 16 0.0015960317783029836
50 17 0.0037590963943205827
50 18 0.006854417867457013
50 19 0.013652218630668492
50 20 0.02441173664360952
50 21 0.04944586953004319
50 22 0.07533754654363187
50 23 0.0989345115377365
50 24 0.12568771420583966
50 25 0.15409735528967702
50 26 0.19350447273110472
50 27 0.24121665001901593
50 28 0.33448380738680733
50 29 0.6231806784537841
50 30 0.7110749634933948
50 31 0.7660988415161645
50 32 0.823036119641047
50 33 0.8733238294344151
50 34 0.9342682744292317
50 35 1.0203646742493717
50 36 1.055927075630832
50 37 1.1353518191731287
50 38 1.2142229222641672
50 39 1.2251017551216474
50 40 1.3073915336845312
51 0 3.1018847387485225e-09
51 1 6.800051303811045e-09
51 2 8.49578706691315e-09
51 3 9.154477648904639e-09
51 4 1.0747585365431048e-08
51 5 1.615707590369387e-08
51 6 2.4743874491595992e-08
51 7 3.90375131049307e-08
51 8 8.851104703768372e-08
51 9 3.0449337651051744e-05
51 10 2.0683539233602555e-05
51 11 2.7569230402712598e-05
51 12 9.064284272815983e-05
51 13 0.0003254273031133346
51 14 0.0004213389655593212
51 15 0.00113069757214222
51 16 0.0021772747592507494
51 17 0.003712465128351127
51 18 0.00818051997003482
51 19 0.01545650055431089
51 20 0.028214211894304
51 21 0.05236499848763232
51 22 0.08120124323805883
51 23 0.10263037807905583
51 24 0.13026640510313894
51 25 0.16361018208812675
51 26 0.1907806635656065
51 27 0.24681925477440592
51 28 0.3425768015163227
51 29 0.6341301350924815
51 30 0.699840542162464
51 31 0.7725166370985674
51 32 0.8236344269410371
51 33 0.9211321029035058
51 34 0.9418433568782908
51 35 1.0066394122797897
51 36 1.0477491049018797
51 37 1.1471437254437848
51 38 1.1663780888202657
51 39 1.2896384185346583
51 40 1.2776806848739064
52 0 3.8795117534856445e-09
52 1 7.526403121188402e-09
52 2 8.999272872298983e-09
52 3 9.807465466963785e-09
52 4 1.1615354880039456e-08
52 5 1.4986738414059625e-08
52 6 2.793192097167046e-08
52 7 3.456059429981282e-08
52 8 7.698655984340439e-08
52 9 1.3769682266038745e-07
52 10 1.2367927738877688e-05
52 11 7.380687462688049e-05
52 12 5.1392894537956125e-05
52 13 0.00036143839083283827
52 14 0.0006115482198867324
52 15 0.0010660765009675353
52 16 0.0027097177571255423
52 17 0.005125807095631508
52 18 0.00935638153349198
52 19 0.01759729732920753
52 20 0.03396853687073338
52 21 0.05826084004785047
52 22 0.07833480458972811
52 23 0.10484136083713624
52 24 0.12903761124179458
52 25 0.15922967083930062
52 26 0.19967099661324028
52 27 0.2593530684648687
52 28 0.3549867331438999
52 29 0.6395080845462923
52 30 0.7100607444419602
52 31 0.7681558996052743
52 32 0.8168544817555341
52 33 0.8613042991034897
52 34 0.9304785182396142
52 35 0.99695281630047
52 36 1.039181163288522
52 37 1.1288423904702287
52 38 1.1945345260272304
52 39 1.237340992304465
52 40 1.3039015388467363
53 0 3.9645592156656125e-09
53 1 8.243547977064064e-09
53 2 9.890703563607792e-09
53 3 1.1440775670077738e-08
53 4 1.2038020701696003e-08
53 5 1.4737053917450848e-08
53 6 2.2389057208489554e-08
53 7 9.664039615570023e-07
53 8 6.436602940232353e-08
53 9 5.7599935398348604e-05
53 10 2.8137379376384418e-05
53 11 5.1042135475543595e-05
53 12 0.00012493103739000887
53 13 0.0003559728044526167
53 14 0.0008503249381741823
53 15 0.0014555260967139903
53 16 0.003687228865306744
53 17 0.005853107786965879
53 18 0.01010885791454983
53 19 0.019981785631604708
53 20 0.038981953498213144
53 21 0.062477632475555364
53 22 0.08409688877913732
53 23 0.11098077372410724
53 24 0.13246185351795153
53 25 0.1604868999809735
53 26 0.19884160213421018
53 27 0.2579164042855934
53 28 0.3552251541841933
53 29 0.6525875059698417
53 30 0.7160295735402066
53 31 0.7586179850057201
53 32 0.8313786796355515
53 33 0.8817545399144525
53 34 0.9080396575825606
53 35 1.0129772955426575
53 36 1.0620808897590244
53 37 1.1230328192192116
53 38 1.1520884419525523
53 39 1.243486933332957
53 40 1.3381516902958221
54 0 4.247698927062687e-09
54 1 9.344626252007664e-09
54 2 1.1327744977267151e-08
54 3 1.1794838655688246e-08
54 4 1.2800148741828285e-08
54 5 1.6576511643724122e-08
54 6 3.011597385903478e-08
54 7 3.852143318116527e-08
54 8 6.36866276518668e-08
54 9 1.353397851279418e-05
54 10 3.65960324628003e-05
54 11 0.00015678945690461715
54 12 0.0003524617447204604
54 13 0.00045652063714933435
54 14 0.0008161545242848202
54 15 0.002097930581674921
54 16 0.0031690373083691978
54 17 0.006814360053612873
54 18 0.012999532665041759
54 19 0.023395864680342996
54 20 0.046030627764315206
54 21 0.06552304708862759
54 22 0.0866813833965829
54 23 0.11057002089950754
54 24 0.13355469796513647
54 25 0.16456525439868291
54 26 0.2002872216528665
54 27 0.2671372456301354
54 28 0.3785315297794106
54 29 0.6631570558394122
54 30 0.6984597460071642
54 31 0.7516436651486996
54 32 0.7968374014050118
54 33 0.8525779778953835
54 34 0.9214437175060565
54 35 0.9786269115972415
54 36 1.044640680904514
54 37 1.1241064182589104
54 38 1.1942175511151578
54 39 1.2657261278574847
54 40 1.334365367555699
55 0 4.8755748893882714e-09
55 1 1.0156458502638796e-08
55 2 1.2153620326805925e-08
55 3 1.3281366034615023e-08
55 4 1.499765039586946e-08
55 5 1.7141508384521278e-08
55 6 1.6022692801343302e-05
55 7 8.87423485478368e-06
55 8 2.7557995191375818e-05
55 9 6.3094520430482835e-06
55 10 6.702065059637429e-05
55 11 9.434699042536287e-05
55 12 0.0001338109802998788
55 13 0.0005824520896974643
55 14 0.0012804303120288489
55 15 0.0024267065436171026
55 16 0.004249531397615355
55 17 0.008293344405830556
55 18 0.015419899816561002
55 19 0.029874090019007208
55 20 0.05155163129456022
55 21 0.07198048354274839
55 22 0.08985619865240087
55 23 0.11298395784695381
55 24 0.134436176727423
55 25 0.17193118649681408
55 26 0.21146120806884147
55 27 0.27357944934245015
55 28 0.38363619528766046
55 29 0.6542160605134404
55 30 0.7199365709139769
55 31 0.7889917238644144
55 32 0.8216237102541522
55 33 0.8966660342850744
55 34 0.9598742190332159
55 35 1.0152444750329659
55 36 1.0693190646556967
55 37 1.1541948416307357
55 38 1.201539844759421
55 39 1.2570755941918355
55 40 1.3316348804230305
56 0 4.823669719710751e-09
56 1 1.069674485399806e-08
56 2 1.3340201178259887e-08
56 3 1.804869839764621e-08
56 4 1.513882836350769e-08
56 5 2.9036134958385205e-08
56 6 3.296771520757064e-08
56 7 1.2520771892509701e-07
56 8 7.45121042832304e-07
56 9 1.0216839333487422e-05
56 10 4.6546378425632306e-05
56 11 0.00012395386384449656
56 12 0.0003590522418869503
56 13 0.0006437669867318933
56 14 0.001470872487647009
56 15 0.0023939483737294787
56 16 0.004934425571727784
56 17 0.009548868710428034
56 18 0.0194143423420493
56 19 0.035043227472143695
56 20 0.05469674270370706
56 21 0.07560924404969033
56 22 0.09549173876213751
56 23 0.1186429106979309
56 24 0.13794955687684501
56 25 0.16721327261796237
56 26 0.20763100027477893
56 27 0.282515848338852
56 28 0.4059622074782714
56 29 0.6712348666021961
56 30 0.7418564819500767
56 31 0.7720189574803757
56 32 0.8110140613683081
56 33 0.8601873577031227
56 34 0.9660242377887145
56 35 0.9808544757896918
56 36 1.0770236326899778
56 37 1.1189656701034854
56 38 1.178379644010221
56 39 1.2344329107093586
56 40 1.2925101724265797
57 0 5.499736663551611e-09
57 1 1.2359126161981966e-08
57 2 1.4784596287293101e-08
57 3 1.5506991005163505e-08
57 4 1.642479309104701e-08
57 5 2.405524177839178e-08
57 6 2.9130696643812872e-08
57 7 1.1145015449096779e-05
57 8 2.2185634551839158e-06
57 9 3.9776804171558825e-05
57 10 0.00014114623056113188
57 11 0.00014607639888707786
57 12 0.0005077389967936552
57 13 0.000925703949228614
57 14 0.0015527513839089086
57 15 0.003296216125848089
57 16 0.006985615117495642
57 17 0.011107138308259545
57 18 0.023176860987990364
57 19 0.0418512884085452
57 20 0.060158225131499515
57 21 0.07889768146343355
57 22 0.09423362862088358
57 23 0.11813217456244406
57 24 0.13704538813232509
57 25 0.17657548205227078
57 26 0.22481218082951104
57 27 0.2894100537881834
57 28 0.4419222302522574
57 29 0.6648414656404464
57 30 0.7092244323827049
57 31 0.7841449196613747
57 32 0.8204010876515465
57 33 0.8556672829001174
57 34 0.9460487079964005
57 35 0.9835088241673682
57 36 1.0213024431988276
57 37 1.1266840944153418
57 38 1.2016549032301764
57 39 1.269177484741363
57 40 1.2912670310850618
58 0 6.178683440698812e-09
58 1 1.3431632039736813e-08
58 2 1.6005465876722573e-08
58 3 1.808015080635748e-08
58 4 2.1195638926804823e-08
58 5 2.7004944909765995e-08
58 6 3.8356993826841215e-08
58 7 8.389600177221387e-06
58 8 1.733813918196768e-05
58 9 5.824587471717829e-05
58 10 5.953363554737624e-05
58 11 0.0003212365122390822
58 12 0.0005680352630700121
58 13 0.0008856159753483647
58 14 0.0024584985123297727
58 15 0.004160452014866168
58 16 0.007970527058609279
58 17 0.015586067637217147
58 18 0.02908584533097969
58 19 0.0456579842460956
58 20 0.06255592304325923
58 21 0.08250885262854951
58 22 0.09903827869169092
58 23 0.12137287515571957
58 24 0.14602180309272267
58 25 0.1842521304376277
58 26 0.22642915228822122
58 27 0.30168496273156076
58 28 0.512711822017204
58 29 0.6712992538108435
58 30 0.708920541806417
58 31 0.7411451208445935
58 32 0.8140995910880512
58 33 0.8658111868997473
58 34 0.9447680977259956
58 35 0.9893524232544351
58 36 1.0547310671393983
58 37 1.1535507228655233
58 38 1.1781007112564807
58 39 1.24292300531997
58 40 1.3423771645836506
59 0 6.557259990511602e-09
59 1 1.4707521246693363e-08
59 2 1.7639577839971662e-08
59 3 1.9265026399928667e-08
59 4 3.1204123517363963e-06
59 5 3.3019972905901127e-08
59 6 5.057138399956925e-07
59 7 5.6429962097091026e-05
59 8 2.372459533745152e-06
59 9 8.243621043878217e-05
59 10 8.231116464714313e-05
59 11 0.00040835691797874534
59 12 0.0006764350085265402
59 13 0.0013780013388236703
59 14 0.0024161809731794806
59 15 0.005808043756512932
59 16 0.00944171752634827
59 17 0.017964286628860095
59 18 0.034832338824378736
59 19 0.0515906151674674
59 20 0.06791392366300204
59 21 0.08400725324057798
59 22 0.10243591189710415
59 23 0.1251276752635659
59 24 0.14714494088211805
59 25 0.18739792026154034
59 26 0.23427453536541726
59 27 0.3076710253958723
59 28 0.6018834494672146
59 29 0.6507683911870301
59 30 0.7232094946736707
59 31 0.7665136535590149
59 32 0.8252775112495129
59 33 0.8878864479466629
59 34 0.9278368601365148
59 35 0.9892253504849304
59 36 1.0935517124414014
59 37 1.1238043732521859
59 38 1.223820260662989
59 39 1.2505908535098211
59 40 1.2996681184137973
60 0 7.601945361275784e-09
60 1 1.547379980687673e-08
60 2 1.9618244499888146e-08
60 3 2.203628476363248e-08
60 4 2.2183029334018135e-08
60 5 6.672629406933259e-08
60 6 8.040999980627328e-07
60 7 1.3769559609847543e-05
60 8 9.951381706006581e-05
60 9 5.753490049956742e-05
60 10 0.00021042975387666263
60 11 0.0005637566450526942
60 12 0.0008931411290228728
60 13 0.001988042423623596
60 14 0.003241502764189795
60 15 0.006714430805524857
60 16 0.011023451977526452
60 17 0.023704066611718623
60 18 0.03742321592070961
60 19 0.05421211757753682
60 20 0.0702849437025292
60 21 0.08814273264972335
60 22 0.10567576764070566
60 23 0.1274410032741579
60 24 0.15305724395376277
60 25 0.1899007031772777
60 26 0.2385516594635911
60 27 0.3180931588310664
60 28 0.5992824941802052
60 29 0.6589715112488533
60 30 0.7245721374355583
60 31 0.7654508629747102
60 32 0.8405471384250539
60 33 0.8958981079308848
60 34 0.9371234064849142
60 35 0.9709040515469025
60 36 1.0579542394396653
60 37 1.1531181427896942
60 38 1.1885777323914772
60 39 1.2396107981419178
60 40 1.3249434335993935
61 0 7.838036247362413e-09
61 1 1.6559807684944347e-08
61 2 1.911720939878836e-06
61 3 2.512054968105027e-08
61 4 2.4877457852336907e-08
61 5 7.575233471282666e-07
61 6 2.0892536461730672e-05
61 7 1.779505240961652e-05
61 8 6.527006421082609e-05
61 9 0.00014491223395933972
61 10 0.0002068480808401802
61 11 0.0006965374127295434
61 12 0.00118730963338474
61 13 0.002155680715280323
61 14 0.004394855092495791
61 15 0.007545097268975573
61 16 0.014811425168304557
61 17 0.029103292845895662
61 18 0.04410972449796822
61 19 0.06023027909960832
61 20 0.07280979592148479
61 21 0.08860165691076698
61 22 0.10961275111018567
61 23 0.13071713496813742
61 24 0.15681901379567717
61 25 0.19644621974033963
61 26 0.24623750453891707
61 27 0.3426822136658081
61 28 0.61588495913997
61 29 0.6527873003405217
61 30 0.7147161196097259
61 31 0.7555538901761046
61 32 0.8036704286058193
61 33 0.8787416399733063
61 34 0.9298776404364151
61 35 0.9930870683931077
61 36 1.078599432389058
61 37 1.132492127598988
61 38 1.1502451462961838
61 39 1.2482934561142494
61 40 1.3890103716122348
62 0 8.174956383087066e-09
62 1 1.8248642654152337e-08
62 2 1.0798682450429297e-06
62 3 3.2141921765093e-08
62 4 2.892929219791895e-06
62 5 3.620302463742599e-07
62 6 5.1448917804785395e-08
62 7 1.3719627846470999e-05
62 8 8.182120916498882e-05
62 9 0.0001714481119476574
62 10 0.000377630289498443
62 11 0.0007089428868748124
62 12 0.0011825866147459358
62 13 0.0025330073501363274
62 14 0.005211711130618225
62 15 0.009829151141634341
62 16 0.01803394911038739
62 17 0.03169473073240999
62 18 0.047715217555018466
62 19 0.06145272804218864
62 20 0.07686400362489788
62 21 0.09294985489901815
62 22 0.1113962592243002
62 23 0.13610329303063612
62 24 0.16617078679884847
62 25 0.2007604408439561
62 26 0.26408702985879806
62 27 0.369541074573091
62 28 0.6062014717526476
62 29 0.6657550443594122
62 30 0.7068157367143398
62 31 0.7530487305007313
62 32 0.8252925231483538
62 33 0.8994845337963372
62 34 0.92468817718312
62 35 1.0072492633541172
62 36 1.0841425612124151
62 37 1.113026861177646
62 38 1.1965430400157488
62 39 1.3038207741071173
62 40 1.3613218304868206
63 0 8.857663595483338e-09
63 1 1.988549178334273e-08
63 2 1.006393736106004e-05
63 3 2.6518815179964618e-08
63 4 3.583709715037218e-08
63 5 4.6930792769752035e-08
63 6 3.1879270938063296e-05
63 7 4.111476118390044e-05
63 8 0.0001875949070326701
63 9 0.0002362297103418425
63 10 0.0004485045416644939
63 11 0.0009049962671924099
63 12 0.0019207939123578462
63 13 0.0034951975255643865
63 14 0.006460999102391168
63 15 0.01210892238738568
63 16 0.023455763121953167
63 17 0.03663488191537869
63 18 0.04963560948097977
63 19 0.06442650527630764
63 20 0.07904290377212214
63 21 0.09219628104878126
63 22 0.11380142406995883
63 23 0.1391490565687869
63 24 0.1693211428730512
63 25 0.20047079660913342
63 26 0.2623925365802152
63 27 0.42064905769829275
63 28 0.6178331803005606
63 29 0.6752763293454326
63 30 0.7124069466464549
63 31 0.7696453556380806
63 32 0.830117176196637
63 33 0.8719337345795959
63 34 0.9419768070038683
63 35 0.9952781112041905
63 36 1.0482398326582039
63 37 1.1051772548438261
63 38 1.2188989282315312
63 39 1.2426533420373445
63 40 1.3262793559372643
64 0 9.897572420326562e-09
64 1 1.077405765047742e-05
64 2 1.2307330473678936e-06
64 3 3.700609050460932e-06
64 4 3.572752100514294e-06
64 5 5.6611501429866815e-06
64 6 1.900257695431523e-05
64 7 4.272435625694849e-05
64 8 0.0001442125630433118
64 9 0.000328448990796704
64 10 0.0006125553645831399
64 11 0.001141097643844133
64 12 0.002192871898368246
64 13 0.004612873238000534
64 14 0.008681920417936658
64 15 0.016095756387353326
64 16 0.02848505559680737
64 17 0.03930415481050381
64 18 0.05261196985617571
64 19 0.06685271988398032
64 20 0.07989387412040867
64 21 0.09794089716511585
64 22 0.11733363045638164
64 23 0.1467903346686101
64 24 0.17349339663765767
64 25 0.2185953346962145
64 26 0.2855659387512228
64 27 0.5208869591772126
64 28 0.6097442979845744
64 29 0.6699985648585439
64 30 0.6872789395100417
64 31 0.760481463915992
64 32 0.8354674942327907
64 33 0.8727148577114966
64 34 0.9122775610930559
64 35 1.033939264660412
64 36 1.0591277467429057
64 37 1.1298822740970342
64 38 1.2098040629818283
64 39 1.2337276505020678
64 40 1.306862558025702
65 0 4.319005117362903e-08
65 1 2.3114978408199516e-08
65 2 3.0024503858355154e-08
65 3 6.148522966685945e-08
65 4 5.137378518106556e-08
65 5 2.7312546156648897e-05
65 6 4.1358742865401496e-05
65 7 9.395130330406678e-05
65 8 0.00020025129539542332
65 9 0.00036541610964135256
65 10 0.0006804762139437658
65 11 0.001388123923314728
65 12 0.0030419206051535085
65 13 0.0057203221229205166
65 14 0.010791251361011056
65 15 0.02008978430113816
65 16 0.03140308941883411
65 17 0.0419376817061566
65 18 0.057054749262576115
65 19 0.06957632386630126
65 20 0.08378278680329952
65 21 0.09854554583600911
65 22 0.12175917227027996
65 23 0.1468205639965735
65 24 0.17467433384998354
65 25 0.21492241049577002
65 26 0.3006064768292814
65 27 0.55417698204649
65 28 0.6072976405803898
65 29 0.6495256054578881
65 30 0.7313537193228618
65 31 0.7832776150060038
65 32 0.8430682376966875
65 33 0.8599963599191036
65 34 0.9307469749855978
65 35 0.9969325274591556
65 36 1.0889570558498973
65 37 1.124696032811886
65 38 1.176497330062899
65 39 1.255421106085875
65 40 1.3151041244583335
66 0 1.1799220587072702e-08
66 1 9.790353268570802e-08
66 2 5.2141290262952204e-06
66 3 2.2304762598064914e-06
66 4 9.523059874476913e-06
66 5 2.0378978156124712e-05
66 6 6.355372742168249e-05
66 7 8.082006694280558e-05
66 8 0.0002362152030559631
66 9 0.0004433885703430002
66 10 0.0009178838813999241
66 11 0.0019024998395043749
66 12 0.003534267075650877
66 13 0.007363171190229843
66 14 0.013441035522285896
66 15 0.023925424044233305
66 16 0.03365620928638226
66 17 0.04665673510086216
66 18 0.05856614825982949
66 19 0.07128776045328786
66 20 0.08721692129368964
66 21 0.10043905835295602
66 22 0.12413735016293151
66 23 0.14849561429421745
66 24 0.18364555092162105
66 25 0.23243101115600334
66 26 0.33032253968211805
66 27 0.5509955325857369
66 28 0.6080737981643797
66 29 0.674895873919977
66 30 0.6952386310465943
66 31 0.7556540765131727
66 32 0.8096725177007115
66 33 0.8546127964327593
66 34 0.9156329284563157
66 35 1.0078229154366662
66 36 1.0639409143876455
66 37 1.1648475225323023
66 38 1.1750832870013284
66 39 1.267885866097223
66 40 1.2690973776146333
67 0 1.2346632037202757e-08
67 1 2.6387383953104736e-08
67 2 3.001188245321634e-08
67 3 2.3707758077221827e-06
67 4 7.966871339097544e-06
67 5 1.7259786495195236e-05
67 6 0.00010187573301649412
67 7 0.00011542103064384024
67 8 0.0002832150920532809
67 9 0.0006393569372182954
67 10 0.0011330295018952836
67 11 0.0020278347554982946
67 12 0.004402328755976128
67 13 0.00853739666452427
67 14 0.016805013245655753
67 15 0.026288442602489272
67 16 0.037623608946067026
67 17 0.04772475520996607
67 18 0.06030762167881806
67 19 0.07265849026923273
67 20 0.08912078027563511
67 21 0.10420430079222927
67 22 0.12897240595799275
67 23 0.15690811912706767
67 24 0.18956698919740264
67 25 0.2443200624367073
67 26 0.3694149876821077
67 27 0.5434572092266142
67 28 0.6185449352709734
67 29 0.6608028037582533
67 30 0.7014580154867367
67 31 0.7750169308493164
67 32 0.8178175884180888
67 33 0.87275662705951
67 34 0.9375450729962438
67 35 1.0063069496524495
67 36 1.033308494306275
67 37 1.1043892312245633
67 38 1.1994646044878274
67 39 1.268775833253357
67 40 1.293118086861913
68 0 3.68008550327053e-07
68 1 2.8706557073669222e-06
68 2 4.011500884627969e-06
68 3 7.869478916870195e-06
68 4 1.4970476633003579e-05
68 5 3.8887570032816274e-05
68 6 3.8835320064182734e-05
68 7 0.00015870619743133432
68 8 0.00027885968147865216
68 9 0.0007805647424959885
68 10 0.0013761280959157247
68 11 0.0025924189128440135
68 12 0.0053274153977996485
68 13 0.010648635474193771
68 14 0.020205037813598392
68 15 0.028942282352860532
68 16 0.03933244741987196
68 17 0.050456733741259197
68 18 0.0616521649227223
68 19 0.0751366078665244
68 20 0.08984491511244605
68 21 0.10834324667384666
68 22 0.1315370156246924
68 23 0.15321522466548032
68 24 0.19242535729116667
68 25 0.2554038790298838
68 26 0.423917427617066
68 27 0.5511201183465665
68 28 0.6132345909678923
68 29 0.6555652694248182
68 30 0.6960479049822559
68 31 0.7773225788035953
68 32 0.8197233431038016
68 33 0.8886119705558696
68 34 0.9546352453555912
68 35 1.003705141110352
68 36 1.0462821333156216
68 37 1.0797928165159332
68 38 1.145829279593519
68 39 1.2459633452708516
68 40 1.2777200858896787
69 0 1.2979489384158845e-08
69 1 2.8450444127457914e-08
69 2 1.2034558928887768e-07
69 3 8.877682504992961e-06
69 4 1.2093253219153688e-05
69 5 2.377555899037578e-05
69 6 7.451716837316344e-05
69 7 0.00015001664125011463
69 8 0.0004766333821288396
69 9 0.0008151984148828003
69 10 0.00176661120928547
69 11 0.002989205426752868
69 12 0.006292031678848211
69 13 0.013248720604724392
69 14 0.021459305106240143
69 15 0.030329761298547055
69 16 0.040010917361515644
69 17 0.05222933849290359
69 18 0.06356194150041292
69 19 0.07720940974135977
69 20 0.09287579958091075
69 21 0.11013748777916671
69 22 0.13063858328482578
69 23 0.16103059464361144
69 24 0.2071755379942627
69 25 0.27537081064560964
69 26 0.5054057179232289
69 27 0.5552835993891886
69 28 0.6108367758121573
69 29 0.6652734997846157
69 30 0.7297250272634932
69 31 0.7805324853726138
69 32 0.8173993068361987
69 33 0.8959423085864664
69 34 0.9170277010107868
69 35 0.9991413317880555
69 36 1.0573029936416476
69 37 1.1357175405451605
69 38 1.1730361979715054
69 39 1.2758955397452492
69 40 1.3311403480024415
70 0 1.3748617503278544e-08
70 1 2.0238813324759398e-07
70 2 2.626223623035811e-07
70 3 1.6359085596506516e-06
70 4 3.304430976912487e-05
70 5 3.215316106073846e-05
70 6 0.00013158613839543159
70 7 0.0002398333735319051
70 8 0.000639666899510514
70 9 0.0009844029563749028
70 10 0.001849923500389353
70 11 0.0034363321923472903
70 12 0.007802009228851277
70 13 0.014616195391999836
70 14 0.022336055669111562
70 15 0.03219474288428497
70 16 0.04300865931539575
70 17 0.0535975682005021
70 18 0.06768124235908853
70 19 0.08046768315905851
70 20 0.09732832691768203
70 21 0.1131693837709314
70 22 0.13857621971126416
70 23 0.17270550686549405
70 24 0.2032511435189595
70 25 0.3087709613667394
70 26 0.5211099399115161
70 27 0.5608041172678592
70 28 0.6023739703479827
70 29 0.6635836847255562
70 30 0.7060312753141141
70 31 0.7703290190510814
70 32 0.813649437376091
70 33 0.8539139922398284
70 34 0.93026788412625
70 35 0.9794115496859908
70 36 1.0808444895289246
70 37 1.1547750102466203
70 38 1.1929673204817612
70 39 1.2554586923908437
70 40 1.3608226374439145
71 0 5.597403414044884e-08
71 1 3.807915787283593e-07
71 2 1.0138223501714828e-05
71 3 1.190521309490558e-05
71 4 3.427290029937693e-05
71 5 8.484930429340314e-05
71 6 0.00012604472896005043
71 7 0.0002774354795186969
71 8 0.0005066949373992422
71 9 0.001353761855465538
71 10 0.0020630473574045657
71 11 0.004451486785911706
71 12 0.008562350428404404
71 13 0.0160689793913628
71 14 0.024946642199815
71 15 0.03416834548180539
71 16 0.04516245463183758
71 17 0.05538980992107432
71 18 0.06687385687301739
71 19 0.08157716238872513
71 20 0.09906991398221347
71 21 0.12111869830494179
71 22 0.14112334683971714
71 23 0.17256048651428943
71 24 0.22438301537399988
71 25 0.33573172603991114
71 26 0.5089681287032441
71 27 0.5633607056264169
71 28 0.603103368035714
71 29 0.6562669451780406
71 30 0.7330352369165671
71 31 0.754926269977177
71 32 0.8333728730997026
71 33 0.8755628832756778
71 34 0.9376168424245876
71 35 1.0041981322474254
71 36 1.1093196581202691
71 37 1.1601677504399246
71 38 1.2126658116856666
71 39 1.2330011642170233
71 40 1.3161830966329047
72 0 1.8251230552084706e-08
72 1 3.611898338986522e-08
72 2 8.975841464004268e-07
72 3 1.344696791469873e-05
72 4 2.217488880785544e-05
72 5 7.763932876082338e-05
72 6 0.000191127429886446
72 7 0.0002799980889594358
72 8 0.000881995867239343
72 9 0.001250528045167299
72 10 0.002491693096738072
72 11 0.004824402943241342
72 12 0.009799925610572864
72 13 0.017581750326303155
72 14 0.025376066228501446
72 15 0.035501230923602245
72 16 0.04602633330903176
72 17 0.058612911810999695
72 18 0.07048757239765012
72 19 0.08303178666329326
72 20 0.09816017549505617
72 21 0.12099014925224995
72 22 0.14726751205442246
72 23 0.17573455859472045
72 24 0.2423231092625413
72 25 0.41288820350860406
72 26 0.5121601299769549
72 27 0.5616733704214725
72 28 0.6258102364699224
72 29 0.6868465169467043
72 30 0.7051062205270989
72 31 0.779408377469598
72 32 0.8081605699960933
72 33 0.8707686184354383
72 34 0.9409631952805857
72 35 0.9900527494509974
72 36 1.0428486633165874
72 37 1.1193063797164888
72 38 1.206115422488675
72 39 1.2736967448920158
72 40 1.2802126318200449
73 0 1.5504667599201038e-08
73 1 2.773704077828906e-06
73 2 6.948293036569311e-06
73 3 3.456296183887139e-05
73 4 3.7760601522721753e-05
73 5 6.165878424296065e-05
73 6 0.00017310375068591678
73 7 0.0003958173409200782
73 8 0.0008941358545791573
73 9 0.001648644594686786
73 10 0.0029505553441630306
73 11 0.005960156290203971
73 12 0.011303753252290367
73 13 0.017918705741280745
73 14 0.027547326202448687
73 15 0.0368611318816915
73 16 0.047964057256253814
73 17 0.06018270100269267
73 18 0.07204885006248929
73 19 0.08512276601896553
73 20 0.10322760405736185
73 21 0.12236736009664724
73 22 0.1535167490753611
73 23 0.18774517636920837
73 24 0.2618497203511136
73 25 0.47452317770868296
73 26 0.5130859643130273
73 27 0.5490008172613188
73 28 0.6245384554588249
73 29 0.6438832231124663
73 30 0.7352866336879735
73 31 0.7406897871464534
73 32 0.81456053835441
73 33 0.8974280187270588
73 34 0.9462581519598693
73 35 1.0017071879509722
73 36 1.0940356228085881
73 37 1.1241779434133574
73 38 1.170290295870071
73 39 1.2859437183929932
73 40 1.286307767959464
74 0 8.814604012102938e-06
74 1 2.1124594829248154e-06
74 2 4.481333752876237e-06
74 3 2.4812432098354448e-05
74 4 3.9467887955938975e-05
74 5 8.89140493864113e-05
74 6 0.00015250309765319053
74 7 0.0004918831027222902
74 8 0.0009079324176695158
74 9 0.001739708054213088
74 10 0.0033375395665066177
74 11 0.007177197353241472
74 12 0.0123866581397725
74 13 0.018864010879503172
74 14 0.027936928969921036
74 15 0.03847144927105662
74 16 0.04831177556800505
74 17 0.0596025183619632
74 18 0.07326168108879925
74 19 0.08773130001809262
74 20 0.106761433137053
74 21 0.12633564564193922
74 22 0.15847181179098627
74 23 0.20233347319617984
74 24 0.29023867939268105
74 25 0.47690231147622436
74 26 0.5177033808295342
74 27 0.5462937035524769
74 28 0.605574237550995
74 29 0.6509035892536437
74 30 0.7209390443317896
74 31 0.7847713564080444
74 32 0.8110798071518016
74 33 0.8812994681483131
74 34 0.9200543571094019
74 35 1.0024321951060835
74 36 1.0462843299028994
74 37 1.1128798019532122
74 38 1.1764709392771957
74 39 1.234814216047036
74 40 1.3114864547033005
