14 0 8.66986386879496e-08
14 1 4.722937660604614e-06
14 2 2.359094807315417e-05
14 3 2.0317923021791573e-05
14 4 8.9097561838134e-05
14 5 0.00018543341152781905
14 6 0.0002943973117399406
14 7 0.000623521657711309
14 8 0.0013630510666575216
14 9 0.0026618740458226823
14 10 0.004938990913057635
14 11 0.00990798216123473
14 12 0.014565204758191437
14 13 0.01997674873733984
14 14 0.02650245058141191
14 15 0.0328256599617874
14 16 0.042590114245908355
14 17 0.053954680024828096
14 18 0.0640102656166455
14 19 0.08257523800560218
14 20 0.10136481662728347
14 21 0.12516176528317766
14 22 0.15565770636815807
14 23 0.19110003495641648
14 24 0.2474573126661011
14 25 0.4581181623748379
14 26 0.5082722270712386
14 27 0.5609179076467189
14 28 0.5987126114231002
14 29 0.6378692653566239
14 30 0.72120265921909
14 31 0.7431685735693642
14 32 0.8210816743473086
14 33 0.8762029000408277
14 34 0.9573443632030944
14 35 1.001997207886068
14 36 1.0780547546260875
14 37 1.1416194947644345
14 38 1.1974697144701092
14 39 1.2450124947192158
14 40 1.3006460285663366
15 0 5.869461026087956e-06
15 1 7.221155848061263e-06
15 2 1.755722309438183e-05
15 3 3.650153209961815e-05
15 4 5.8537876732079384e-05
15 5 0.0001630833333005451
15 6 0.0002598681693600666
15 7 0.0007184550237376215
15 8 0.001098546193220231
15 9 0.002157786148065105
15 10 0.0042292573211625125
15 11 0.008997085508776412
15 12 0.013894653189998456
15 13 0.018922273951930735
15 14 0.0252939909359344
15 15 0.03174345672735947
15 16 0.04072553283607537
15 17 0.051971453131773
15 18 0.06303765482114904
15 19 0.08032039699177027
15 20 0.0981457050261093
15 21 0.12276601669706365
15 22 0.15506481672822828
15 23 0.1901882229530928
15 24 0.24085253932512915
15 25 0.4664722841999563
15 26 0.5102805732737025
15 27 0.5501164732026119
15 28 0.5989633794876117
15 29 0.6445661162796962
15 30 0.7181607287323257
15 31 0.7546673806852969
15 32 0.8332498453617373
15 33 0.8739200870262106
15 34 0.9089810134054145
15 35 0.9899262611519025
15 36 1.0617947459466544
15 37 1.1112914728358803
15 38 1.1750647162265737
15 39 1.2528003708037947
15 40 1.3296229164921995
16 0 3.729712303567455e-06
16 1 1.4124785638205603e-08
16 2 1.6151114360460346e-05
16 3 3.259641796228319e-05
16 4 4.7866994075751096e-05
16 5 0.0001565594260421424
16 6 0.0002712579273806166
16 7 0.0004181829969833867
16 8 0.0009386016897519477
16 9 0.002133029456154844
16 10 0.0037162139065299435
16 11 0.008041879813452892
16 12 0.012736536968536459
16 13 0.018432513768025786
16 14 0.02498260429065883
16 15 0.03196504845532055
16 16 0.03975704387582696
16 17 0.0507517774157183
16 18 0.06411104051626404
16 19 0.07867634385989536
16 20 0.09505772917730476
16 21 0.1207118988266831
16 22 0.1474987303986433
16 23 0.17882462623320367
16 24 0.23213660793672153
16 25 0.46287841029385934
16 26 0.5078069391983878
16 27 0.546895955402071
16 28 0.5845567156756768
16 29 0.6474201862056717
16 30 0.7190360665497788
16 31 0.772012912429766
16 32 0.8214112391848066
16 33 0.8863298847848035
16 34 0.9697394123451418
16 35 0.9680096115149317
16 36 1.0465385501278897
16 37 1.0999226816949632
16 38 1.2211699011158454
16 39 1.2632476148047418
16 40 1.3126954009562746
17 0 9.922029713142277e-07
17 1 5.219349124967516e-06
17 2 1.0237162757151464e-05
17 3 3.3687563552126166e-05
17 4 3.9836858151371465e-05
17 5 8.395444498189388e-05
17 6 0.0002554811536225859
17 7 0.0004537790819169433
17 8 0.0009333267582610768
17 9 0.001676921318925611
17 10 0.0033740839286923174
17 11 0.0068066664469373225
17 12 0.012197576798311004
17 13 0.017265680021268055
17 14 0.02305565728924542
17 15 0.030580959027618582
17 16 0.03966520322535761
17 17 0.05012419736793585
17 18 0.06243661252158809
17 19 0.07678791625755435
17 20 0.09334257945843899
17 21 0.11800231692852278
17 22 0.14232647034742169
17 23 0.1749673388613718
17 24 0.22378531251028744
17 25 0.3928293293707089
17 26 0.5010721382860044
17 27 0.549216755918669
17 28 0.6153116788123932
17 29 0.674864506430419
17 30 0.7167941075511232
17 31 0.7751867525378362
17 32 0.8249759105054589
17 33 0.855296495569816
17 34 0.9395658025743818
17 35 1.0138651284033506
17 36 1.092029005777
17 37 1.1545258038932702
17 38 1.1786046686686753
17 39 1.2453472065564768
17 40 1.3311042380079148
18 0 2.057075549193148e-08
18 1 1.665815716382048e-08
18 2 5.082596078810652e-06
18 3 1.5834148327935002e-05
18 4 3.0220283399599163e-05
18 5 9.987547776674747e-05
18 6 0.00018177188681463069
18 7 0.0003922254120805296
18 8 0.0007047571489475197
18 9 0.0015146738310624702
18 10 0.0027215584222056513
18 11 0.00605894466112194
18 12 0.011312835806210807
18 13 0.016498581080210968
18 14 0.022712739988884862
18 15 0.030485638356650132
18 16 0.03794762835526182
18 17 0.049277572848138836
18 18 0.06165215338992039
18 19 0.07709945076220483
18 20 0.09314192360658419
18 21 0.11236161739605537
18 22 0.14282892274601997
18 23 0.17292567913529647
18 24 0.22160435743669007
18 25 0.3271039590598625
18 26 0.5056427356662151
18 27 0.5523340866498302
18 28 0.6002065833604413
18 29 0.6503224151890397
18 30 0.7226729760888988
18 31 0.7680162835742507
18 32 0.8146020683139253
18 33 0.8812147807599322
18 34 0.9565471310075634
18 35 0.9771899818119993
18 36 1.0738854204439752
18 37 1.1520737893322293
18 38 1.1780565470802005
18 39 1.2383997650886136
18 40 1.287344335493601
19 0 1.3108663706874084e-09
19 1 3.7267543285893024e-06
19 2 3.4469174923380866e-07
19 3 1.3427700903688416e-05
19 4 2.7178874218467907e-05
19 5 5.779790293377618e-05
19 6 0.00018722972092901545
19 7 0.0003229176453713805
19 8 0.00067685374820896
19 9 0.0013019525074245192
19 10 0.0027721501296857683
19 11 0.0048946942585179915
19 12 0.010033807537725764
19 13 0.015434021028904238
19 14 0.020813125664851488
19 15 0.03029605209106827
19 16 0.03892744381174369
19 17 0.04684016989707568
19 18 0.05831366025762999
19 19 0.07329250701938166
19 20 0.09240456847624307
19 21 0.11373144492545273
19 22 0.13539455154273766
19 23 0.1696296756508789
19 24 0.21214492701709128
19 25 0.3112757867959602
19 26 0.522495098184672
19 27 0.5611042926524106
19 28 0.6189907168833925
19 29 0.6639205417822712
19 30 0.7410473569761418
19 31 0.7448762618391082
19 32 0.8304109210810421
19 33 0.8769438685160705
19 34 0.9491058726436334
19 35 0.9803087029991843
19 36 1.0621407140747887
19 37 1.1346037522611667
19 38 1.174006420327607
19 39 1.2326924242542276
19 40 1.294032299915495
20 0 3.953278018175517e-06
20 1 2.5157923772779396e-09
20 2 5.383596538169965e-09
20 3 8.353534760654808e-06
20 4 3.395916587495616e-05
20 5 5.9325846104023296e-05
20 6 0.00018557849346607168
20 7 0.00023739296216535868
20 8 0.000578597843327348
20 9 0.0009818353562399188
20 10 0.0020061101094400696
20 11 0.004081698504159647
20 12 0.00819932815540054
20 13 0.014367117348764771
20 14 0.02056598817142528
20 15 0.02801353861513926
20 16 0.035297484108644986
20 17 0.04461510853843583
20 18 0.058526065733529614
20 19 0.0733588793177004
20 20 0.08897811796394954
20 21 0.10895875935115175
20 22 0.13519313137847247
20 23 0.16449551310064803
20 24 0.2070074882832386
20 25 0.27722587164573137
20 26 0.5067640939460605
20 27 0.5602028014182866
20 28 0.608062004554493
20 29 0.6580516240570483
20 30 0.7196618898099943
20 31 0.7451317534676748
20 32 0.829475970497017
20 33 0.861480944193116
20 34 0.9315759572388963
20 35 1.007197550337148
20 36 1.0929032063058
20 37 1.1154582330069633
20 38 1.1740516422469842
20 39 1.2260994116742736
20 40 1.3032407298693365
21 0 1.124761661690721e-09
21 1 5.733279775159934e-09
21 2 1.4470009090507679e-06
21 3 2.0690097585259162e-05
21 4 4.897321236621701e-08
21 5 4.383999499781202e-05
21 6 0.0001140011428982685
21 7 0.00018312036917672472
21 8 0.0003321229166053641
21 9 0.0010296334104404543
21 10 0.00177600082382429
21 11 0.003203808646992413
21 12 0.006704166476977708
21 13 0.012877874465534515
21 14 0.01909127658756351
21 15 0.02655146917602609
21 16 0.034690918899155904
21 17 0.04554013130665161
21 18 0.05698298206537045
21 19 0.07057958291263691
21 20 0.08619224474425027
21 21 0.10827741920998385
21 22 0.13031165508364342
21 23 0.1626739071879549
21 24 0.20384470992228654
21 25 0.27248817696039246
21 26 0.5035816393429413
21 27 0.5586017432738658
21 28 0.6144766152807278
21 29 0.6452029453263101
21 30 0.6891265667434159
21 31 0.7643834476959535
21 32 0.8295481366261909
21 33 0.885608724033623
21 34 0.915603799748716
21 35 0.97820252509357
21 36 1.0663951661046194
21 37 1.131224649273051
21 38 1.1868532967848433
21 39 1.2850011756476458
21 40 1.3001769904636145
22 0 4.094037001605411e-09
22 1 4.432817144355991e-06
22 2 6.250044601612548e-06
22 3 8.537887739598696e-06
22 4 1.9271542614954365e-05
22 5 2.505531616402056e-05
22 6 0.00010317917710684989
22 7 0.00013971502947223482
22 8 0.00034190128337608234
22 9 0.0007172973658654886
22 10 0.001550256356138074
22 11 0.002643399374151172
22 12 0.005217821468993249
22 13 0.01081283853564463
22 14 0.01817416922991637
22 15 0.025003352989920718
22 16 0.03454766843440067
22 17 0.04424931878795065
22 18 0.05580700958100383
22 19 0.07091496769067222
22 20 0.08695463924424869
22 21 0.10843947824062068
22 22 0.12880660422804824
22 23 0.1585501637735823
22 24 0.19105815860983197
22 25 0.26072843616893676
22 26 0.5067789889643194
22 27 0.5436323632791021
22 28 0.5982155905418621
22 29 0.681400804562164
22 30 0.7003562760524302
22 31 0.7517417390474869
22 32 0.7800537681860107
22 33 0.8781747719972743
22 34 0.9549065762682377
22 35 1.0125541759411292
22 36 1.0480565255032366
22 37 1.1333843149128935
22 38 1.219165938454304
22 39 1.2570108995469924
22 40 1.2825360560964205
23 0 1.7838986808783377e-09
23 1 2.8547735970779696e-09
23 2 5.419792324197428e-09
23 3 7.239908049302582e-06
23 4 1.6902325719487743e-05
23 5 1.9500573516953868e-05
23 6 5.1528681100655346e-05
23 7 0.00012099455283395614
23 8 0.0002472844187032836
23 9 0.0006523943644914712
23 10 0.0011741517434915867
23 11 0.0023296403624780493
23 12 0.004338773808735043
23 13 0.008557567594312037
23 14 0.015988905729352035
23 15 0.024567875942260866
23 16 0.03326833021444769
23 17 0.042622048090588546
23 18 0.05729833881046872
23 19 0.068225094673926
23 20 0.0845996580058216
23 21 0.10587333534672068
23 22 0.1273837479062957
23 23 0.16090074831609205
23 24 0.19416806368653933
23 25 0.255111285083627
23 26 0.4194414079072734
23 27 0.5551685843372034
23 28 0.5985990678749002
23 29 0.6622913263321256
23 30 0.7078151451404919
23 31 0.7700923814767054
23 32 0.8104440105141462
23 33 0.8987468203319285
23 34 0.9514624296924576
23 35 1.027193438719895
23 36 1.063386812218848
23 37 1.1337426366889736
23 38 1.1601024667040374
23 39 1.256050285783027
23 40 1.3044818933953917
24 0 8.828614477141627e-10
24 1 3.452810214899994e-09
24 2 3.862469486124858e-09
24 3 1.7698045476515062e-08
24 4 4.1816347507087844e-06
24 5 2.538946833521381e-05
24 6 7.636650217940547e-05
24 7 0.00012405922780308544
24 8 0.00022205679820176604
24 9 0.00034188407621552964
24 10 0.001058318574673439
24 11 0.0018382827068551618
24 12 0.0035867739765536887
24 13 0.006542042074241806
24 14 0.013059665781668289
24 15 0.022125339696474556
24 16 0.031754042818524404
24 17 0.040241757768150255
24 18 0.053766933002360795
24 19 0.06775773564483129
24 20 0.08530043928065166
24 21 0.10377325346703947
24 22 0.12504336737849972
24 23 0.14992790484119847
24 24 0.1915349921930301
24 25 0.24292118675877222
24 26 0.3731055769794428
24 27 0.5575804246083873
24 28 0.6029257295686477
24 29 0.6772418511481092
24 30 0.7064208076515324
24 31 0.7584259193181991
24 32 0.8196325472997796
24 33 0.8922334834242838
24 34 0.9342453158956212
24 35 0.9763926106966173
24 36 1.0573209821797904
24 37 1.1358153797851758
24 38 1.1650242537880404
24 39 1.2589251246596822
24 40 1.3434097824547833
25 0 1.0820959053524828e-09
25 1 3.3311303621232405e-09
25 2 1.2649414999189017e-05
25 3 4.839007936604284e-06
25 4 1.8866065061365382e-05
25 5 3.661265020544265e-05
25 6 5.731608726462869e-05
25 7 9.522781466961458e-05
25 8 0.0001514604405520823
25 9 0.00037044454553873294
25 10 0.0007658814184407029
25 11 0.0015317817512107495
25 12 0.0025601059399218635
25 13 0.005035488833354106
25 14 0.010339040683848291
25 15 0.018491553940106792
25 16 0.029315165539894196
25 17 0.03927201841344877
25 18 0.05285947800396198
25 19 0.06628314301960758
25 20 0.08295156330442165
25 21 0.10266166738940374
25 22 0.12404403896756189
25 23 0.1486799202334038
25 24 0.1838904400687608
25 25 0.24062205158742891
25 26 0.3503341307289575
25 27 0.5547974761516089
25 28 0.6155767606746178
25 29 0.6516664582091424
25 30 0.708653368155144
25 31 0.7627652244390796
25 32 0.8408088351751519
25 33 0.8839677492001939
25 34 0.9504898480929529
25 35 0.9847433449605003
25 36 1.0946736125168568
25 37 1.1356023929011
25 38 1.2105587496358436
25 39 1.2275514295504042
25 40 1.329471409959784
26 0 8.421700452218554e-10
26 1 4.172845937757419e-09
26 2 4.7622819091817375e-09
26 3 4.899185799350164e-09
26 4 2.458689539181124e-05
26 5 1.1031132049877421e-05
26 6 2.6547831330888788e-05
26 7 3.672997037016815e-05
26 8 0.0001767032348419547
26 9 0.00024666905856211293
26 10 0.0005536591709106927
26 11 0.000929045027665706
26 12 0.0021057229878471114
26 13 0.004415307518940252
26 14 0.008449033061633904
26 15 0.016001807546788167
26 16 0.02765087744840845
26 17 0.03944223656387057
26 18 0.04926227030366058
26 19 0.0638252135667767
26 20 0.07767071949239387
26 21 0.09913298109567822
26 22 0.12235115346678131
26 23 0.14700282422877045
26 24 0.18063022534959938
26 25 0.22688417390499827
26 26 0.33054522215170357
26 27 0.5624761300360962
26 28 0.5982997412387665
26 29 0.6585994335191167
26 30 0.7213639115150053
26 31 0.7462958331232036
26 32 0.8126990803781972
26 33 0.869452120271817
26 34 0.9438373496268261
26 35 0.9900683161539915
26 36 1.0347443571504606
26 37 1.1383174317882154
26 38 1.1734942595906457
26 39 1.2348594033622204
26 40 1.3459645899602106
27 0 1.645283402103357e-09
27 1 5.3893704713215165e-06
27 2 2.7023133057709903e-09
27 3 3.0772407011298864e-07
27 4 4.039589173897732e-06
27 5 5.841798970339649e-07
27 6 1.2996315143009674e-05
27 7 2.7829326736996207e-05
27 8 5.353578019993688e-05
27 9 0.0002716546987982727
27 10 0.0005268805705528113
27 11 0.0008577730745119055
27 12 0.0017239038913541857
27 13 0.003145773359558189
27 14 0.006720461565078031
27 15 0.012190068722843688
27 16 0.022920424246013114
27 17 0.037086993170486866
27 18 0.04761896640230272
27 19 0.06457953663095804
27 20 0.0783598676735602
27 21 0.09990843431000729
27 22 0.1175524434117111
27 23 0.14263827629658632
27 24 0.17715920336438587
27 25 0.22211221629452785
27 26 0.31312570776992443
27 27 0.5585332907122718
27 28 0.6080542515332791
27 29 0.6676028103304891
27 30 0.6904160911166493
27 31 0.7736299694329872
27 32 0.8306217759108319
27 33 0.8829001450485368
27 34 0.9566478590301601
27 35 1.002692367576571
27 36 1.0542591360263631
27 37 1.103947040349806
27 38 1.2018229924610853
27 39 1.256111479968219
27 40 1.3179028705952247
28 0 1.169035841702478e-09
28 1 1.1817090097673774e-09
28 2 2.540979728965196e-09
28 3 4.322417555805013e-09
28 4 3.465841833058756e-06
28 5 8.423360223878047e-06
28 6 1.8435995088922936e-05
28 7 5.6809827304274794e-05
28 8 0.00012633018500633918
28 9 0.00015744961993225816
28 10 0.0005109383111440828
28 11 0.0007276140841766701
28 12 0.0013985391645320218
28 13 0.0025038831545140263
28 14 0.005085040665048563
28 15 0.010354609269661644
28 16 0.019340086420351576
28 17 0.0330985792972161
28 18 0.04534310641945049
28 19 0.06127193311832996
28 20 0.07600556701997373
28 21 0.0933654512715375
28 22 0.11397710905578297
28 23 0.13902663070716761
28 24 0.1732676945019862
28 25 0.21523076508631228
28 26 0.2981234161008021
28 27 0.5511828786358658
28 28 0.6176753732094243
28 29 0.643727242991006
28 30 0.7349283132906788
28 31 0.776144447858736
28 32 0.8156050966869667
28 33 0.8883118547993195
28 34 0.9332938862350657
28 35 1.0295261075247373
28 36 1.0439081998174145
28 37 1.1247307462738727
28 38 1.2153581050890787
28 39 1.2508693968624087
28 40 1.3552463677275015
29 0 5.40154744745326e-10
29 1 1.5564119456296436e-09
29 2 3.4331498356823343e-09
29 3 9.444345248660196e-09
29 4 9.529834415766567e-09
29 5 9.297417275077899e-08
29 6 6.725621310182504e-06
29 7 4.419311130744292e-05
29 8 1.716287896864468e-05
29 9 0.0001251914268308455
29 10 0.0003889564061314696
29 11 0.0004091144008016353
29 12 0.0012338471078747124
29 13 0.002084005132656574
29 14 0.004095582344785107
29 15 0.008066138075731017
29 16 0.015140197209581553
29 17 0.027018808791549442
29 18 0.04222062031223668
29 19 0.056775419806046806
29 20 0.07553408062671363
29 21 0.09181015134279881
29 22 0.1118245055918092
29 23 0.13989254524509806
29 24 0.16763378015115954
29 25 0.21408465445088112
29 26 0.28746611938567046
29 27 0.4899696828296972
29 28 0.6241518653075907
29 29 0.6666955138289221
29 30 0.7179703374457181
29 31 0.7583931661680191
29 32 0.8443190989243538
29 33 0.9147353487890092
29 34 0.9307686797606788
29 35 0.9915812842770676
29 36 1.023235398938068
29 37 1.1541204908584182
29 38 1.212392097799071
29 39 1.2666239516034663
29 40 1.3243007846118962
30 0 3.893675615826492e-10
30 1 1.2968146577722327e-09
30 2 3.0053512788203905e-09
30 3 6.680864891913107e-06
30 4 1.0953857907662648e-08
30 5 1.8231100810322223e-08
30 6 3.249122910431498e-08
30 7 3.0245126939545226e-05
30 8 6.353488964063925e-05
30 9 0.00011754881022427566
30 10 0.00020724606546164125
30 11 0.00039754449689216956
30 12 0.0006783357404530924
30 13 0.0015741381517010518
30 14 0.0032244859265353567
30 15 0.006644079610038642
30 16 0.011195936801058858
30 17 0.022451085970021108
30 18 0.03715380358841856
30 19 0.05483601226875763
30 20 0.0700000037940251
30 21 0.08811233149855625
30 22 0.11007347707950849
30 23 0.13627376982062928
30 24 0.16619789867387108
30 25 0.2053673114459195
30 26 0.26901970739212955
30 27 0.421694872609602
30 28 0.5969228692104717
30 29 0.6460227443599934
30 30 0.7209426184080129
30 31 0.775217941437345
30 32 0.8283992629546446
30 33 0.8838928447377769
30 34 0.9434137463271042
30 35 0.9994870379077545
30 36 1.0817652516741796
30 37 1.1405644746955688
30 38 1.161364916791954
30 39 1.2514419235088303
30 40 1.3125038923926107
31 0 6.001172079136015e-10
31 1 1.0893353073537662e-09
31 2 2.9119928963776132e-09
31 3 3.963877196655397e-09
31 4 8.721162047696823e-09
31 5 1.483472029986106e-05
31 6 3.0940023108044083e-08
31 7 2.2351339616330582e-05
31 8 4.069696572703729e-05
31 9 7.575324647811124e-05
31 10 0.0001615079630295769
31 11 0.0003795133924832352
31 12 0.0005480215766172762
31 13 0.0013975818693022126
31 14 0.002831384094669628
31 15 0.005330452205165722
31 16 0.008728859899053558
31 17 0.016290583457169938
31 18 0.0333603282849703
31 19 0.04990872118748534
31 20 0.0674901102474767
31 21 0.08412276621418166
31 22 0.1059178041476227
31 23 0.13259939416548847
31 24 0.16776668425518915
31 25 0.20092320978646913
31 26 0.2716515076375609
31 27 0.39590144621200046
31 28 0.616355405482734
31 29 0.6657095900450286
31 30 0.706023779077503
31 31 0.7803655442414984
31 32 0.829202377052231
31 33 0.8932523829242004
31 34 0.9447168106025825
31 35 1.0070951564825723
31 36 1.068840653642172
31 37 1.1327812939585653
31 38 1.142733989374108
31 39 1.2270877703054102
31 40 1.294617272272851
32 0 5.318666047617524e-10
32 1 1.284014503984381e-09
32 2 1.609643523416386e-09
32 3 4.4307265758436665e-09
32 4 9.355915636507947e-06
32 5 1.2597736328939796e-08
32 6 1.5945205484466906e-05
32 7 5.124611849731513e-06
32 8 1.6843202475194808e-05
32 9 4.90350917416057e-05
32 10 0.00013135448142609897
32 11 0.0003404260676420426
32 12 0.0005214911392488823
32 13 0.0011790206954336389
32 14 0.002211489148118241
32 15 0.004094672438719667
32 16 0.007530398245953802
32 17 0.013065960846624165
32 18 0.0251860935059797
32 19 0.04469871058348549
32 20 0.06448846278216498
32 21 0.08246140901659998
32 22 0.10249583938162019
32 23 0.1304592089709484
32 24 0.1597658861435111
32 25 0.1991516158003337
32 26 0.25956592115418753
32 27 0.3717001716828731
32 28 0.6087891476014046
32 29 0.6848117988154363
32 30 0.719726270256819
32 31 0.7756391913753304
32 32 0.8100408269909969
32 33 0.8704734674553043
32 34 0.9211355876493722
32 35 0.9864525423435876
32 36 1.051128704341227
32 37 1.1233885052626726
32 38 1.179142765800385
32 39 1.275057697728893
32 40 1.3143748564613742
33 0 5.946360216663753e-10
33 1 7.718439603069904e-10
33 2 1.7183137593236955e-09
33 3 4.186181726664186e-08
33 4 3.96779429140786e-08
33 5 1.3366034250194237e-08
33 6 4.4842367458194274e-08
33 7 3.104062046149499e-06
33 8 1.1517343231646877e-05
33 9 5.593620602189604e-05
33 10 0.00010525504950060527
33 11 0.0001429414823097735
33 12 0.000352789706830594
33 13 0.0007061136962273314
33 14 0.0015769416799967357
33 15 0.002952840399488068
33 16 0.005980441650633227
33 17 0.010886392427095163
33 18 0.019762343186509778
33 19 0.03930860136060472
33 20 0.06001984339491435
33 21 0.07974611808543079
33 22 0.09998851423531052
33 23 0.12481775963842495
33 24 0.15667534360050622
33 25 0.18943728860215284
33 26 0.2481213570766197
33 27 0.3394515190348337
33 28 0.6016439345074536
33 29 0.6534128439753324
33 30 0.7073956050926595
33 31 0.7714976902064944
33 32 0.8352133640511548
33 33 0.8789416446788216
33 34 0.9547050406447845
33 35 1.0098525028433767
33 36 1.0705536328899017
33 37 1.1572683091111287
33 38 1.182096516142866
33 39 1.2722245423539598
33 40 1.3326675318061743
34 0 3.310693748027316e-10
34 1 7.734328047601695e-10
34 2 1.6147448231002505e-09
34 3 2.475065404822171e-09
34 4 5.594502385541289e-09
34 5 1.2697583666280952e-08
34 6 7.457828940633226e-08
34 7 5.3859351139765236e-08
34 8 1.639513514481401e-05
34 9 1.7370446114631767e-07
34 10 6.28503889278167e-05
34 11 0.00012146062950140708
34 12 0.00026084647212238065
34 13 0.000625786862305523
34 14 0.0009185686395136525
34 15 0.0024610436640246694
34 16 0.004564056113197762
34 17 0.009229149147055086
34 18 0.016249836810377467
34 19 0.030643841642933465
34 20 0.054304579690980896
34 21 0.07704751812261798
34 22 0.09588359494630963
34 23 0.1221797878722044
34 24 0.15659687722448884
34 25 0.1861133853892954
34 26 0.24327492643256565
34 27 0.3346712227409513
34 28 0.605136981569104
34 29 0.6566347602990991
34 30 0.721279085752764
34 31 0.7650006717261946
34 32 0.8119896884263375
34 33 0.8805848354857501
34 34 0.9233824455361439
34 35 0.9864570788392081
34 36 1.0743074090324665
34 37 1.1383683910881206
34 38 1.2038843630203087
34 39 1.2428794838515653
34 40 1.3407763611644983
35 0 2.9729057553234815e-10
35 1 6.189875661510392e-10
35 2 1.4764433947471756e-09
35 3 4.01963480383685e-09
35 4 6.144594293259551e-09
35 5 1.0585674169292041e-08
35 6 2.239568149506643e-08
35 7 1.3826782878120536e-05
35 8 1.421129710210112e-05
35 9 2.7851863555018795e-05
35 10 4.107746371615387e-05
35 11 0.00013025331888645385
35 12 0.00020399895437981072
35 13 0.00033074045221856234
35 14 0.0006215162684478736
35 15 0.0019491805633323246
35 16 0.0037047988207700457
35 17 0.007285717618146884
35 18 0.012941579053939637
35 19 0.023615480368870855
35 20 0.04434776557663299
35 21 0.070059914318198
35 22 0.0915950451490619
35 23 0.1186297049024315
35 24 0.1473198261305989
35 25 0.18691303080750576
35 26 0.23580710797410726
35 27 0.3141788696115308
35 28 0.5967720830902756
35 29 0.6484580605683837
35 30 0.7106607608073017
35 31 0.7595647976009543
35 32 0.8288496962706146
35 33 0.874514427705293
35 34 0.9295145376658371
35 35 1.0137250779929514
35 36 1.0675382543490428
35 37 1.141159808544365
35 38 1.1271019727029747
35 39 1.2434123317947314
35 40 1.335111720872373
36 0 4.1725308217752344e-10
36 1 1.07355666130315e-09
36 2 1.2700246632760052e-09
36 3 2.579763420516411e-09
36 4 5.0121563923574036e-09
36 5 9.535121026667232e-09
36 6 2.0423536113058152e-08
36 7 5.4154400924139294e-08
36 8 9.97936998708301e-08
36 9 1.3370980011811937e-07
36 10 4.096064729379464e-05
36 11 8.018236500190415e-05
36 12 0.0001631931241772669
36 13 0.0005557714859239438
36 14 0.0007837242491070866
36 15 0.0014159573343034233
36 16 0.0029085212213629673
36 17 0.005287406551616678
36 18 0.010329890818709078
36 19 0.020422751013684147
36 20 0.0389762812452721
36 21 0.06610997618823042
36 22 0.08993186639750265
36 23 0.11063169607563994
36 24 0.14076974097697964
36 25 0.17552205591168096
36 26 0.22899316378609483
36 27 0.2792094814145122
36 28 0.5070422829659286
36 29 0.6733567682859753
36 30 0.6900046775165339
36 31 0.7880864149915785
36 32 0.8139467404157278
36 33 0.8651253476036792
36 34 0.9309699083489559
36 35 1.0026241783156136
36 36 1.0604680345452204
36 37 1.153831183133682
36 38 1.1980753477916868
36 39 1.2414689748241223
36 40 1.3277683492742909
37 0 7.046324439132715e-10
37 1 8.787993035224121e-10
37 2 1.419129563714986e-09
37 3 2.997707228470789e-09
37 4 3.965999558488516e-09
37 5 1.15547687756693e-08
37 6 2.02020644146789e-08
37 7 3.8947855687347294e-08
37 8 5.990381317930401e-05
37 9 3.584193334905405e-05
37 10 1.0567344614616373e-05
37 11 6.7252573728412e-05
37 12 0.00021523221284586267
37 13 0.0003969963600738639
37 14 0.0006129780465696761
37 15 0.0012608414717082636
37 16 0.0027545480151268424
37 17 0.004834220342383619
37 18 0.009759830681676896
37 19 0.017185448056960154
37 20 0.03613308982774978
37 21 0.06020685840327541
37 22 0.08591360395694567
37 23 0.11190852681917643
37 24 0.1382545549673757
37 25 0.17870544566473956
37 26 0.22138131342974815
37 27 0.28181319499539503
37 28 0.46949067458047666
37 29 0.6496169607652958
37 30 0.7081027120613117
37 31 0.7597628337415867
37 32 0.8203872816010155
37 33 0.8746500776706214
37 34 0.9587128423537384
37 35 0.9884557750778895
37 36 1.0474182401101566
37 37 1.1063872723128758
37 38 1.2289338823136804
37 39 1.243965812251904
37 40 1.315789919020954
38 0 5.180278358191924e-10
38 1 1.1629692445285199e-09
38 2 1.7419740113739017e-09
38 3 2.33077886550027e-09
38 4 6.429050599440854e-09
38 5 9.464062770945603e-09
38 6 2.1549420972536653e-08
38 7 3.929396237497505e-08
38 8 2.6544564714342208e-06
38 9 1.8527735423951478e-07
38 10 3.4386169544959566e-05
38 11 3.774655614219586e-05
38 12 0.00010684788619815594
38 13 0.0003221372239858295
38 14 0.0005871853931315766
38 15 0.001022723208669005
38 16 0.0023074299230094004
38 17 0.0037714369435389644
38 18 0.008225596142263874
38 19 0.014885638413510366
38 20 0.02783282481105516
38 21 0.05506685745653174
38 22 0.08103668781912106
38 23 0.11038176807630905
38 24 0.1359659603068735
38 25 0.17388771347766388
38 26 0.21427486283349853
38 27 0.28518824597497877
38 28 0.41332676994926576
38 29 0.6693871506482656
38 30 0.7254760567071268
38 31 0.7659901209069849
38 32 0.8120139614321167
38 33 0.893906056558319
38 34 0.9295951853770034
38 35 0.9903756734084939
38 36 1.0597342984714686
38 37 1.1135190744537897
38 38 1.1750514229384974
38 39 1.2561735780302654
38 40 1.3196472876149927
39 0 6.592584293883162e-10
39 1 1.2621129240292266e-09
39 2 1.7536134225788493e-09
39 3 2.7554655272908366e-09
39 4 3.839244189148482e-09
39 5 1.0721168837504982e-08
39 6 1.812208080713315e-08
39 7 4.392037323965694e-08
39 8 5.8198501511377455e-08
39 9 1.9671127558064187e-05
39 10 5.451315526235071e-07
39 11 2.868298967666105e-05
39 12 0.00011529840353516041
39 13 0.0002536577512740128
39 14 0.00017079059623046375
39 15 0.0009980014875022915
39 16 0.002139518821467202
39 17 0.004042206264420154
39 18 0.006929546203919239
39 19 0.013877486002305178
39 20 0.02575664642845761
39 21 0.05115596308052039
39 22 0.08288698360289642
39 23 0.10295263517604228
39 24 0.135836375639622
39 25 0.1699850419423509
39 26 0.22486963377344596
39 27 0.2708076572800207
39 28 0.4059295691855831
39 29 0.6532636665765766
39 30 0.7032590106957558
39 31 0.7448267558927486
39 32 0.8171431308698507
39 33 0.8598329406048453
39 34 0.9570920164110472
39 35 0.9936277929713888
39 36 1.0487003838133675
39 37 1.1602920668286107
39 38 1.1827013208764972
39 39 1.2730655155904589
39 40 1.3269317718310363
40 0 6.3082659217662e-10
40 1 1.3234561460324362e-09
40 2 2.081419474354779e-09
40 3 3.060599022203947e-09
40 4 3.899900320075716e-09
40 5 8.585863622077043e-09
40 6 3.749202842422923e-08
40 7 4.456321815253948e-08
40 8 2.101646583820686e-07
40 9 2.2449113120270747e-07
40 10 3.3639065951270647e-07
40 11 7.492956541480195e-06
40 12 0.00012515592726416758
40 13 9.307945321937378e-05
40 14 0.000536716913897773
40 15 0.0005370535524055689
40 16 0.0016478545568132746
40 17 0.003627777503697738
40 18 0.007686801090725903
40 19 0.01306572182293539
40 20 0.023747591603320184
40 21 0.04895847410376514
40 22 0.07882591119469312
40 23 0.10444220983056988
40 24 0.12909199657958892
40 25 0.170192076933783
40 26 0.21273882089348276
40 27 0.26159278507694983
40 28 0.3795540654994905
40 29 0.6529482853796408
40 30 0.7173655214829165
40 31 0.7682250753703725
40 32 0.8219012361967832
40 33 0.895609306814123
40 34 0.9465009650546599
40 35 1.008869653417159
40 36 1.0486954840023377
40 37 1.1246609245791217
40 38 1.1777937005635801
40 39 1.250350216464276
40 40 1.3346993186743523
41 0 7.725503359554977e-10
41 1 1.9285310608985195e-09
41 2 2.2497119119770544e-09
41 3 3.0844069061620943e-09
41 4 4.437646880404396e-09
41 5 1.1628662424769546e-08
41 6 3.183750666445606e-08
41 7 3.875262921771305e-08
41 8 2.7395043389165774e-07
41 9 1.2802203741452692e-07
41 10 5.900411616583446e-06
41 11 6.858769517656539e-05
41 12 7.604974004637375e-05
41 13 0.0001853338164865056
41 14 0.00036533652571361686
41 15 0.00047714531103778055
41 16 0.001588594756921115
41 17 0.0028154386141967416
41 18 0.006585463859337262
41 19 0.012354585502948604
41 20 0.023070502085233334
41 21 0.04568500253650495
41 22 0.07310048175753883
41 23 0.10397952125336606
41 24 0.12471694000268375
41 25 0.15777738705969085
41 26 0.20486567085352864
41 27 0.25659092426349733
41 28 0.37095920542769845
41 29 0.6715046666571545
41 30 0.6976344639592394
41 31 0.777933781352769
41 32 0.8278269836943738
41 33 0.8871035334484988
41 34 0.9236734140973782
41 35 1.0071554561585891
41 36 1.0627098402091157
41 37 1.1214200565399972
41 38 1.1890988146272605
41 39 1.2480842628696651
41 40 1.3300968848881136
42 0 9.137957416862034e-10
42 1 5.964853617907487e-09
42 2 3.0603829982961302e-09
42 3 3.8224476339265116e-09
42 4 4.253263867468097e-09
42 5 9.688810449642764e-09
42 6 1.8720182911225154e-08
42 7 4.419216825631218e-08
42 8 5.6545487117729606e-08
42 9 3.172145209627925e-07
42 10 3.181713733847598e-05
42 11 2.9737861552057266e-06
42 12 8.484265782916095e-05
42 13 0.00017323927064037496
42 14 0.0003769342855122117
42 15 0.0008059205964103636
42 16 0.00134548057154126
42 17 0.002423611630273993
42 18 0.0055465726278939795
42 19 0.011836515925248885
42 20 0.022459698713531383
42 21 0.04413991461107063
42 22 0.07185104448261562
42 23 0.09939188728225758
42 24 0.12688721771358052
42 25 0.1603796310248214
42 26 0.195714750504824
42 27 0.2496141707355584
42 28 0.33851075184085383
42 29 0.6451403322699387
42 30 0.7157685427043672
42 31 0.7777541027233212
42 32 0.8063819356733105
42 33 0.8625290907067196
42 34 0.9131871835563947
42 35 0.99074989065354
42 36 1.0263541984976443
42 37 1.0967689722998673
42 38 1.1987811254276903
42 39 1.2588419072667443
42 40 1.3124180144186266
43 0 9.955683320927588e-10
43 1 2.092114722185134e-09
43 2 3.1011253369554277e-09
43 3 3.994599866831671e-09
43 4 5.948066068786349e-09
43 5 1.0305747097540724e-08
43 6 2.4307887101374315e-08
43 7 3.3892535693109086e-08
43 8 7.414039977570207e-08
43 9 1.480468115200501e-07
43 10 3.230237687414085e-05
43 11 1.036617626959315e-06
43 12 2.685673537462971e-05
43 13 0.00018980394470003692
43 14 0.00041550813565404906
43 15 0.00072833805524249
43 16 0.0015169206090418193
43 17 0.002620756003030714
43 18 0.006224684632235907
43 19 0.011118133440829668
43 20 0.02137934868910343
43 21 0.04178978341457367
43 22 0.06892742748127169
43 23 0.10027846312448552
43 24 0.1206501035782041
43 25 0.15578084942628861
43 26 0.19607417357543772
43 27 0.2528689197645854
43 28 0.34149855946567975
43 29 0.648966677996246
43 30 0.6855698260698727
43 31 0.7662181601004128
43 32 0.7977652914747084
43 33 0.8475247606811454
43 34 0.9228033682612411
43 35 1.012065939528341
43 36 1.033014267041183
43 37 1.12954801106032
43 38 1.204818012465191
43 39 1.228316166578059
43 40 1.3537046584234869
44 0 1.2458681994266888e-09
44 1 2.6774283087422575e-09
44 2 3.5856275250281157e-09
44 3 9.491621896855149e-09
44 4 5.743345219140336e-09
44 5 1.0403656223946447e-08
44 6 1.7223363976749943e-08
44 7 3.6337186549658496e-08
44 8 7.972846427254548e-08
44 9 2.410543869504135e-07
44 10 8.11424236751029e-05
44 11 2.4498694940747886e-05
44 12 0.00010168667099343986
44 13 7.946674632801621e-05
44 14 0.0003322552736499329
44 15 0.00066696849238618
44 16 0.001508214348517256
44 17 0.003005502198279841
44 18 0.006219822466154014
44 19 0.010836784164435242
44 20 0.022570307811612254
44 21 0.042468232901452
44 22 0.0742184340569825
44 23 0.09514399687414063
44 24 0.12127790497752089
44 25 0.15637395647929456
44 26 0.19515284791598853
44 27 0.2457931060257576
44 28 0.32752517160590167
44 29 0.6623583049006391
44 30 0.7146113087163208
44 31 0.7805114058706685
44 32 0.8021256788377132
44 33 0.8808035404998742
44 34 0.9517588890337622
44 35 1.0101690674150783
44 36 1.0634452422855898
44 37 1.1238419663411423
44 38 1.1422337830771354
44 39 1.2378790590284958
44 40 1.3019382863187023
45 0 1.5013032790027102e-09
45 1 3.0060804353925675e-09
45 2 4.119164873704099e-09
45 3 5.062398817248308e-09
45 4 8.293636082000295e-09
45 5 1.1396621940840747e-08
45 6 2.004069121902187e-08
45 7 1.364939511023901e-05
45 8 2.1921521445158854e-05
45 9 1.517542949575042e-07
45 10 3.5788450784911354e-07
45 11 1.7943453536445627e-05
45 12 3.874887451924027e-05
45 13 0.0002670043044491989
45 14 0.0004249654255908327
45 15 0.0005402260559284097
45 16 0.0015952541485603345
45 17 0.0031312522842521667
45 18 0.005389227337057336
45 19 0.010290710948926446
45 20 0.020559566011911366
45 21 0.04110705000817716
45 22 0.07309571035582264
45 23 0.098574348133185
45 24 0.12141391299355732
45 25 0.15647086395822266
45 26 0.191427758010844
45 27 0.23978814675714216
45 28 0.3268355210914277
45 29 0.6444674609811923
45 30 0.7243906571300213
45 31 0.7692842419925114
45 32 0.8293411075841923
45 33 0.8789249477408413
45 34 0.9254989690117938
45 35 0.9806400893390038
45 36 1.0737763490976417
45 37 1.117891897966865
45 38 1.2069186527314422
45 39 1.2203764705850495
45 40 1.2909634729942434
46 0 1.543188625465789e-09
46 1 3.4927756175652645e-09
46 2 4.764252387513066e-09
46 3 5.241964710753709e-09
46 4 8.840183971517823e-09
46 5 1.0833279159029142e-08
46 6 2.020397213773383e-08
46 7 4.183907721389768e-08
46 8 9.441499342368343e-08
46 9 2.2315701372207707e-07
46 10 5.749935485241727e-07
46 11 7.000429200056914e-05
46 12 1.605117937792969e-05
46 13 0.00018510844154894632
46 14 0.00022730463951090298
46 15 0.0005874163720474545
46 16 0.0018007867640303886
46 17 0.0031677012988840154
46 18 0.00561959977803656
46 19 0.011238802475585712
46 20 0.02275110885653741
46 21 0.04323567364805041
46 22 0.0689370134122344
46 23 0.0963556207967383
46 24 0.12427168598976014
46 25 0.15844845510799652
46 26 0.19124343831547996
46 27 0.2360257103901053
46 28 0.32195777689556415
46 29 0.6679157208128637
46 30 0.698453094771721
46 31 0.7650261446236447
46 32 0.8168430953090345
46 33 0.8895181038612383
46 34 0.9451693366612656
46 35 1.0234733876100421
46 36 1.0731483287300179
46 37 1.1119499205553398
46 38 1.1956974685214827
46 39 1.2496783464075558
46 40 1.375606192702044
47 0 1.918273426228254e-09
47 1 3.975421245267813e-09
47 2 5.665581998024354e-09
47 3 5.958621433345684e-09
47 4 9.920505671551531e-09
47 5 1.2821842411890998e-08
47 6 2.3974516372850125e-08
47 7 3.466908200867929e-08
47 8 7.169863493109499e-08
47 9 1.5442409623103803e-05
47 10 1.9114673487477817e-05
47 11 1.4926111505619202e-05
47 12 6.092461582333357e-05
47 13 0.00013322934464710104
47 14 0.00040366125367774465
47 15 0.000923246977979019
47 16 0.0011876193170225506
47 17 0.002688138540823586
47 18 0.006327174081884034
47 19 0.01233958550661114
47 20 0.022223075130918906
47 21 0.04290574651434413
47 22 0.06889111755999133
47 23 0.09753282132160428
47 24 0.12560611251535903
47 25 0.15528953360093298
47 26 0.19246043230126839
47 27 0.2382943007148134
47 28 0.3286551041641536
47 29 0.6384434423554407
47 30 0.7333028606100767
47 31 0.7581762426832698
47 32 0.8319498131605065
47 33 0.8713064809384526
47 34 0.9678389524856075
47 35 0.9860245801246228
47 36 1.049066826107811
47 37 1.1657095433121183
47 38 1.2102849085645124
47 39 1.250128158690576
47 40 1.3198749611242024
48 0 2.052252765759894e-09
48 1 4.432012969935746e-09
48 2 7.371856537360129e-09
48 3 7.108301622605257e-09
48 4 1.9227043746999585e-08
48 5 1.1620970763880549e-08
48 6 2.2724406753261555e-08
48 7 3.585568958900763e-08
48 8 3.3401147907635417e-07
48 9 5.124435055706358e-07
48 10 9.380405117553503e-07
48 11 2.321930079271782e-05
48 12 6.51129128464232e-05
48 13 0.00014414135864223673
48 14 0.0006107914745071457
48 15 0.0007629766661672543
48 16 0.0017552756280810834
48 17 0.003180410780143668
48 18 0.006338837587889057
48 19 0.010909296463699064
48 20 0.02388685512653119
48 21 0.045984900305435006
48 22 0.07394228744129507
48 23 0.09586262053415728
48 24 0.1278145509036254
48 25 0.15254235789036055
48 26 0.19131096919929863
48 27 0.24232338786309635
48 28 0.3373152596902735
48 29 0.6182638948056243
48 30 0.7037287746238611
48 31 0.7815236249809301
48 32 0.8204197572833033
48 33 0.8514072590380887
48 34 0.9158841947145117
48 35 1.0305903282038436
48 36 1.0678508620462632
48 37 1.1227644706781978
48 38 1.1609993591994465
48 39 1.2318955673011582
48 40 1.250874609998681
49 0 2.4665159609933633e-09
49 1 5.1918226903168864e-09
49 2 6.608477900459938e-09
49 3 9.261894107248175e-09
49 4 1.003137739681125e-08
49 5 1.5329254021578875e-08
49 6 2.3628543018261477e-08
49 7 5.395411425069895e-08
49 8 7.426474295741086e-08
49 9 2.2444037319506557e-07
49 10 8.509476207322741e-07
49 11 2.3926663307454593e-06
49 12 7.863581836815469e-05
49 13 0.00011016877963896831
49 14 0.0005461069863470805
49 15 0.0006505454228971691
49 16 0.0018768051407870878
49 17 0.0038638188054010802
49 18 0.0066081945737556606
49 19 0.01362143077751872
49 20 0.02481255064020055
49 21 0.045451857974289134
49 22 0.0726440874812724
49 23 0.09922226895680786
49 24 0.1280260565862404
49 25 0.15253808279930522
49 26 0.19395448243774785
49 27 0.24487994497334803
49 28 0.32898302960453596
49 29 0.615611193839978
49 30 0.7164205509595846
49 31 0.7581262819469401
49 32 0.8166153657596489
49 33 0.8747949621384203
49 34 0.9433136994952982
49 35 1.0108381094790138
49 36 1.0145993617415643
49 37 1.1145459694261846
49 38 1.195062690547103
49 39 1.2061067053687242
49 40 1.3457230253885013
50 0 2.6858825657533647e-09
50 1 5.857307519206824e-09
50 2 7.39739328655041e-09
50 3 8.675015618847504e-09
50 4 9.174338548566671e-09
50 5 1.546849110997286e-08
50 6 1.5155167500124073e-05
50 7 4.960819830122954e-08
50 8 6.419140668113453e-08
50 9 1.0016991322251068e-07
50 10 2.7164333254708523e-05
50 11 2.7683722082706046e-05
50 12 6.890566716831322e-05
50 13 0.0002345536462848021
50 14 0.0005834252748615848
50 15 0.0006569500128189765
50 16 0.00198332773589795
50 17 0.0040602477584607815
50 18 0.008023049893585451
50 19 0.013053425430893615
50 20 0.026170400239745227
50 21 0.04847058191664886
50 22 0.0765863549999066
50 23 0.10007751084155428
50 24 0.12511947679328086
50 25 0.15490019631505406
50 26 0.19056581403567244
50 27 0.2403373830460244
50 28 0.3448726903409739
50 29 0.625038401618473
50 30 0.7121872718075245
50 31 0.7662577930878979
50 32 0.8187430634443188
50 33 0.8885622612811656
50 34 0.9465396755159431
50 35 1.0140995560948487
50 36 1.0688924142308065
50 37 1.1118690356906042
50 38 1.1743788896730603
50 39 1.25788363343524
50 40 1.2898850629522558
51 0 3.114939931666954e-09
51 1 6.79212746683832e-09
51 2 8.233218913288748e-09
51 3 9.296293132211568e-09
51 4 1.2032136342267848e-08
51 5 1.4460233012784583e-08
51 6 2.370852490119498e-08
51 7 4.0152867351632304e-08
51 8 6.171207813483258e-08
51 9 1.9497539361411647e-07
51 10 1.0626988736578675e-06
51 11 1.7953585331794573e-06
51 12 8.763601006139794e-05
51 13 0.0002765378238066634
51 14 0.0005407950727640749
51 15 0.0010807531939523425
51 16 0.0021587025999411117
51 17 0.004005597862659811
51 18 0.008166327105459491
51 19 0.015381637331326527
51 20 0.0275902461405177
51 21 0.05142098868348166
51 22 0.0751617001778511
51 23 0.102267470928571
51 24 0.12509348109966875
51 25 0.15723610120789472
51 26 0.1908916350049196
51 27 0.24803676438386174
51 28 0.3473558752698365
51 29 0.649821535342447
51 30 0.7108301422767128
51 31 0.7292821607714767
51 32 0.8102694331118916
51 33 0.8700249995139396
51 34 0.90006230732611
51 35 0.9864634558365977
51 36 1.083246541593235
51 37 1.1175395699118558
51 38 1.1677308714920662
51 39 1.250140692542032
51 40 1.3230222925911512
52 0 3.2023138527805745e-09
52 1 7.251478262892378e-09
52 2 8.982068045907613e-09
52 3 9.87536363347196e-09
52 4 1.207452303078746e-08
52 5 1.985057410312854e-08
52 6 2.4189067743353753e-08
52 7 4.063231885548215e-08
52 8 7.065529787926018e-08
52 9 1.061995149251686e-07
52 10 2.9966591484609075e-05
52 11 2.369983410928644e-05
52 12 6.270520346029023e-05
52 13 0.00022115698342774266
52 14 0.0007105935863740111
52 15 0.0011956807278268606
52 16 0.0024895066196757767
52 17 0.005157884870065568
52 18 0.00935399246767603
52 19 0.01651780041671641
52 20 0.0318486020516659
52 21 0.05923232969039932
52 22 0.08012690275051079
52 23 0.10361637477901216
52 24 0.12991122923024587
52 25 0.16114035647093727
52 26 0.19235725940242981
52 27 0.2599259545275833
52 28 0.360492673303192
52 29 0.655416419121773
52 30 0.7141265550979495
52 31 0.7678648336706697
52 32 0.8115425974863665
52 33 0.8705491075403161
52 34 0.94249732719489
52 35 1.031668878685894
52 36 1.06251794360899
52 37 1.0882572105160482
52 38 1.154281596049321
52 39 1.2691433607207048
52 40 1.3432708222836844
53 0 3.4497152899603167e-09
53 1 8.100907694378464e-09
53 2 9.970213949143119e-09
53 3 1.0744206376673298e-08
53 4 1.2607584926733129e-08
53 5 1.736111147256879e-08
53 6 2.7188377554678115e-08
53 7 3.49387431772262e-08
53 8 3.6466749684330757e-06
53 9 1.6273130092955514e-05
53 10 6.02260527265577e-05
53 11 0.00010664341455916728
53 12 0.0002060280556680437
53 13 0.00024963485950564
53 14 0.0006043623123063869
53 15 0.0015670203354730598
53 16 0.002664542432743936
53 17 0.0058560315406061495
53 18 0.01023985787109167
53 19 0.020167819787776216
53 20 0.0386100109370173
53 21 0.0620277512186351
53 22 0.08575193877573102
53 23 0.10848594626151604
53 24 0.13358090611107126
53 25 0.1584325716767999
53 26 0.2034959971757868
53 27 0.2557491026289635
53 28 0.36530726737327424
53 29 0.6433041722370223
53 30 0.7130926788153008
53 31 0.7657432902032201
53 32 0.8147968535872616
53 33 0.9026987143562506
53 34 0.9466193715760326
53 35 1.0077696759304624
53 36 1.0507319847130039
53 37 1.1362852828163605
53 38 1.1945559436010267
53 39 1.2378554433983808
53 40 1.28081317908315
54 0 4.16727733552719e-09
54 1 8.92017084293901e-09
54 2 1.1196126151918797e-08
54 3 1.2443005771659366e-08
54 4 1.4312943899822288e-08
54 5 1.693981368509502e-08
54 6 2.6522775337659553e-08
54 7 4.963854294849442e-08
54 8 7.405566587512318e-06
54 9 3.990016075204927e-05
54 10 3.699169123188417e-05
54 11 0.00020427376634534023
54 12 0.00032904421457631957
54 13 0.00039616292535038354
54 14 0.0006726787020266563
54 15 0.0018968753811875072
54 16 0.0037814259460511794
54 17 0.006900562469685113
54 18 0.013395784117398975
54 19 0.024598941037120847
54 20 0.04402365286601295
54 21 0.06912762418933903
54 22 0.08822045354270451
54 23 0.10924880517229837
54 24 0.13520938465258114
54 25 0.1585740325920967
54 26 0.20399640840496627
54 27 0.2631484440724787
54 28 0.36517133630009013
54 29 0.6497706716039457
54 30 0.7157310678900455
54 31 0.7724854983759231
54 32 0.8307111818709753
54 33 0.8794761679299199
54 34 0.936898115447023
54 35 0.9675746186477076
54 36 1.0507997586949962
54 37 1.122561177401782
54 38 1.2063541274621885
54 39 1.215133355095204
54 40 1.2949770278581128
55 0 4.344600562063951e-09
55 1 9.936072688758118e-09
55 2 1.224347194561513e-08
55 3 1.3112536010106603e-08
55 4 1.540404185574497e-08
55 5 1.6842199409142745e-08
55 6 2.7532867881244194e-08
55 7 5.4783541743347014e-08
55 8 2.8884040949631063e-05
55 9 1.3088504843979805e-07
55 10 3.697122353339963e-05
55 11 0.000158035572669522
55 12 0.0002264095579066421
55 13 0.0005124857691043652
55 14 0.001135349845960754
55 15 0.0021272669357517583
55 16 0.004307208928783671
55 17 0.008320723135840294
55 18 0.015271042933758113
55 19 0.030335169033374142
55 20 0.050681620057359975
55 21 0.06939016317008376
55 22 0.09224134254102792
55 23 0.11119556743839185
55 24 0.13571652264961412
55 25 0.16808078079080638
55 26 0.21113073890935397
55 27 0.27713428369406534
55 28 0.3846828057344949
55 29 0.662016210427454
55 30 0.7226300754540071
55 31 0.7666582739272819
55 32 0.8228149765705355
55 33 0.882992014558888
55 34 0.9295391907988394
55 35 0.9820609119293399
55 36 1.054969977312653
55 37 1.1053903423005174
55 38 1.1879656038222557
55 39 1.279141073072419
55 40 1.3345881305932845
56 0 5.006820438181176e-09
56 1 1.0921104589024246e-08
56 2 1.3319972281025091e-08
56 3 1.5124358501563974e-08
56 4 2.340238028089599e-08
56 5 2.3350645855514372e-08
56 6 1.2752792495074802e-05
56 7 9.9891085768841e-06
56 8 4.4927561381417926e-05
56 9 5.964866024157357e-05
56 10 2.5812402979463112e-05
56 11 0.00013653692898376034
56 12 0.00031928994810648975
56 13 0.000958097784248376
56 14 0.0010929016176439265
56 15 0.0031423537680247515
56 16 0.004981768204962929
56 17 0.010066252897300672
56 18 0.018338557500495227
56 19 0.03591462071908291
56 20 0.056323208336816095
56 21 0.077689173949124
56 22 0.09621622108909071
56 23 0.11676576672155566
56 24 0.13929001328759572
56 25 0.16532953791234645
56 26 0.21720092786881642
56 27 0.273921615848848
56 28 0.4025120627118434
56 29 0.669759520666095
56 30 0.7155332304006454
56 31 0.7854724489553446
56 32 0.8254383000009166
56 33 0.879225419871436
56 34 0.9372592483651959
56 35 0.9872352379974851
56 36 1.0488473021411988
56 37 1.1262941060410665
56 38 1.1877936358711212
56 39 1.2209715161663053
56 40 1.3371772988691937
57 0 5.835584710688089e-09
57 1 1.1800242507031817e-08
57 2 1.4689899224403349e-08
57 3 1.5875270837098516e-08
57 4 1.7660826161888126e-08
57 5 2.214808743290332e-08
57 6 5.178777191033547e-08
57 7 5.2048906907770975e-08
57 8 2.6854609008496093e-05
57 9 2.9999015399654454e-05
57 10 5.443073709173295e-05
57 11 0.00018412126673215558
57 12 0.00041618059373531226
57 13 0.0009600802090101659
57 14 0.0019054552491293536
57 15 0.002921226363752833
57 16 0.005907838320538385
57 17 0.011666880205587886
57 18 0.0232335155956339
57 19 0.04016835245182513
57 20 0.05814798155849649
57 21 0.07790611173330166
57 22 0.096164225621272
57 23 0.11588550817446107
57 24 0.14353506483851738
57 25 0.17773799787970976
57 26 0.2208163127045932
57 27 0.2861347766250857
57 28 0.44418179857014356
57 29 0.6374281626422078
57 30 0.7006954823071877
57 31 0.747422142721253
57 32 0.8209222722038567
57 33 0.8643039745648501
57 34 0.928559504020207
57 35 1.0105585972753166
57 36 1.095705367206771
57 37 1.1091633278913637
57 38 1.1691993283670434
57 39 1.2625720283545274
57 40 1.3388103019334017
58 0 6.1003031634152655e-09
58 1 1.348342123969721e-08
58 2 1.633737920775195e-08
58 3 1.7290784076886514e-08
58 4 2.2197046741213103e-08
58 5 2.5505682653512278e-08
58 6 3.756592519597469e-08
58 7 4.020174771673104e-06
58 8 2.1427529651231768e-05
58 9 4.790596901804088e-05
58 10 0.0001324872346415753
58 11 0.00023219792395887535
58 12 0.0005724316440495215
58 13 0.0011455085655330407
58 14 0.002207252151101776
58 15 0.0038012816812050053
58 16 0.007645539522464249
58 17 0.015464883726138618
58 18 0.02939693159505713
58 19 0.04823835206366942
58 20 0.06365551368456827
58 21 0.08213602800425425
58 22 0.10087151959758002
58 23 0.1206771530744201
58 24 0.14841082538151418
58 25 0.1779488906635677
58 26 0.23127566865118643
58 27 0.29432637410413565
58 28 0.5164459708193887
58 29 0.6590536336120265
58 30 0.7174116484294133
58 31 0.785324894668683
58 32 0.8376022095197624
58 33 0.8736346740880601
58 34 0.9791719892391422
58 35 1.001745929421567
58 36 1.0853254111620931
58 37 1.1247052240500637
58 38 1.2029179874870832
58 39 1.2637814012545678
58 40 1.2749902698973477
59 0 7.069650117863556e-09
59 1 1.4452177239485337e-08
59 2 1.8522261362768147e-08
59 3 1.876826908031502e-08
59 4 2.2212053897003286e-08
59 5 2.7235351354588706e-08
59 6 2.3814335496787625e-06
59 7 2.9516914261384586e-05
59 8 2.0014885137065096e-05
59 9 5.714120784868035e-05
59 10 0.00014746051870801762
59 11 0.0003934907603171503
59 12 0.0005383397905095862
59 13 0.0014543170333479701
59 14 0.002781293064438821
59 15 0.0049838647262804596
59 16 0.009639278181130235
59 17 0.01789202194749956
59 18 0.03358750652689455
59 19 0.05134090919743596
59 20 0.06889421814726672
59 21 0.08530859448558202
59 22 0.10094614524924451
59 23 0.12351429684025202
59 24 0.14943467309764716
59 25 0.18516875350376236
59 26 0.23476288568857673
59 27 0.3130981468312862
59 28 0.6106200378928464
59 29 0.650678076233605
59 30 0.7050445687971458
59 31 0.7552989181997639
59 32 0.8181062151199522
59 33 0.9006365565460616
59 34 0.955357160456748
59 35 1.0020759620170672
59 36 1.0788175083557119
59 37 1.1303220191784016
59 38 1.163202563743305
59 39 1.2021202607337222
59 40 1.3343886718365399
60 0 7.560888045041599e-09
60 1 1.5498716166955747e-08
60 2 2.0093701438575186e-08
60 3 2.0614460431215344e-08
60 4 1.1520401768880036e-05
60 5 4.082734558997816e-08
60 6 1.3386545074960833e-06
60 7 1.1569479948910327e-05
60 8 3.746085876912986e-05
60 9 7.349723620175739e-05
60 10 0.0002253970261460148
60 11 0.0005503329208376727
60 12 0.0007146440392545954
60 13 0.0018516733290152303
60 14 0.0035546997752131104
60 15 0.006034040789855897
60 16 0.01163024311569356
60 17 0.02393037207174995
60 18 0.039256969956799906
60 19 0.05660199715119499
60 20 0.06804704570153583
60 21 0.0848768027431139
60 22 0.10603165621846479
60 23 0.12831539740214679
60 24 0.15135862277971782
60 25 0.1939881678489123
60 26 0.24402755693295125
60 27 0.3102557811660892
60 28 0.608074760042476
60 29 0.6544966522270447
60 30 0.69848898277178
60 31 0.7635071979749551
60 32 0.829174713989141
60 33 0.909830431462753
60 34 0.9690746474668447
60 35 0.9806524573753348
60 36 1.0842323749143228
60 37 1.0867750367648201
60 38 1.1731150734867999
60 39 1.2346145111666311
60 40 1.3316997450042614
61 0 9.272899767288412e-09
61 1 1.6403560625812632e-08
61 2 2.0420065942568216e-08
61 3 2.3150450312517696e-08
61 4 3.3398211209133854e-08
61 5 6.8603822983022836e-06
61 6 1.823161354407416e-05
61 7 4.017723250673608e-05
61 8 6.969477653400237e-05
61 9 0.0001528716270778646
61 10 0.000140181614257676
61 11 0.0005429325732715602
61 12 0.0011486022239547951
61 13 0.002604078978306896
61 14 0.004010303288976242
61 15 0.00796903432465836
61 16 0.0152265440200976
61 17 0.02919609832725248
61 18 0.04306602303607413
61 19 0.05916653704132937
61 20 0.07180556359473356
61 21 0.08936818977145272
61 22 0.10451817340582761
61 23 0.13150334286358176
61 24 0.160371557445804
61 25 0.19701966269739501
61 26 0.25017641227283405
61 27 0.3394713313536898
61 28 0.6169348291730825
61 29 0.6683141488590988
61 30 0.7232913135208281
61 31 0.7692401787786178
61 32 0.7878904972610332
61 33 0.8712978304500683
61 34 0.9272345940235466
61 35 0.9873272751110286
61 36 1.0813916820345635
61 37 1.12078287978129
61 38 1.2221333807532806
61 39 1.24050785528168
61 40 1.3567283700556163
62 0 1.060238935687199e-08
62 1 1.7792968664345697e-08
62 2 2.4075416572211396e-06
62 3 2.3959216132344242e-08
62 4 3.901976728113371e-08
62 5 1.0062029097848606e-05
62 6 1.927624936223241e-05
62 7 3.2533705449360496e-05
62 8 0.00011690133299227079
62 9 0.0002000057456429226
62 10 0.0002873630117681511
62 11 0.0006341897350908618
62 12 0.0014085810076547485
62 13 0.0029260708214904497
62 14 0.005373166939533516
62 15 0.009775983282674506
62 16 0.019279535364508844
62 17 0.03200013412207458
62 18 0.04708842128126345
62 19 0.06293874062922651
62 20 0.07640128474075657
62 21 0.09624654902430646
62 22 0.11285720677685038
62 23 0.1358380159884487
62 24 0.16296869368726571
62 25 0.20271193869470885
62 26 0.25911070095073013
62 27 0.37384934896978905
62 28 0.6201738944319656
62 29 0.6652549740433523
62 30 0.7288279023560579
62 31 0.7806802093421905
62 32 0.819954944604258
62 33 0.8897417680436025
62 34 0.9306466395875858
62 35 0.9884379490622045
62 36 1.0691869556134785
62 37 1.1459093459329925
62 38 1.1714623743262953
62 39 1.280411059162516
62 40 1.3510758352582608
63 0 9.379893858425459e-09
63 1 6.748393033620895e-06
63 2 2.4360091611140806e-08
63 3 2.9098068156833952e-08
63 4 1.3212039989458937e-05
63 5 2.3228512488862947e-05
63 6 9.552945740220837e-06
63 7 2.0386616644011424e-05
63 8 0.00010338833359728457
63 9 0.00026980731393427934
63 10 0.0005557118790573763
63 11 0.0008383199367250157
63 12 0.001950305997265587
63 13 0.003793037648051079
63 14 0.0066849269762214196
63 15 0.012131097599490126
63 16 0.023471850080829124
63 17 0.03774353574932985
63 18 0.04900082143082947
63 19 0.06312234526184829
63 20 0.0776322141852733
63 21 0.0938551339530787
63 22 0.11296121846002273
63 23 0.13949887570613087
63 24 0.16557995302963677
63 25 0.21493217651965738
63 26 0.26747103813015516
63 27 0.412859720767566
63 28 0.6022568029908154
63 29 0.6606460969043716
63 30 0.7166044582175347
63 31 0.7618588560645134
63 32 0.818658902807777
63 33 0.853774239086174
63 34 0.9455855789576435
63 35 0.978659479956977
63 36 1.0443725434302553
63 37 1.109492862904688
63 38 1.189772973289483
63 39 1.2729434694622217
63 40 1.3207462477354384
64 0 1.0677228503442337e-08
64 1 5.615815454021645e-06
64 2 1.355560439641368e-07
64 3 5.890548326181795e-06
64 4 3.3642094166835465e-06
64 5 4.916713375520431e-06
64 6 3.2127537771776335e-05
64 7 3.2169091489523825e-05
64 8 0.00010973865000994833
64 9 0.0003619191363133389
64 10 0.0006796953762484042
64 11 0.0011133285111882285
64 12 0.0025900801401956223
64 13 0.00425524531289181
64 14 0.008784418757237537
64 15 0.015475297351668124
64 16 0.027548206335930057
64 17 0.03939872796168665
64 18 0.05261938763793462
64 19 0.06476054663895939
64 20 0.08003701617507858
64 21 0.09599101191791341
64 22 0.11648488776900041
64 23 0.1408835935235747
64 24 0.1735427039374183
64 25 0.2195738935495664
64 26 0.27518317153752575
64 27 0.5282861288761141
64 28 0.5943810199042303
64 29 0.6658421049074713
64 30 0.7076715208596539
64 31 0.7643435906925519
64 32 0.8229449393145445
64 33 0.8893398679957998
64 34 0.9633391323240074
64 35 0.9929421250622333
64 36 1.0575142961203567
64 37 1.1262075667666078
64 38 1.2096217184661378
64 39 1.2504814263805542
64 40 1.322877946858024
65 0 1.050937410370733e-08
65 1 3.533308160388781e-08
65 2 2.8694156163292337e-08
65 3 7.835737807498362e-06
65 4 3.1844932482958053e-06
65 5 3.467734635139075e-05
65 6 3.0412565287860395e-05
65 7 7.889942601921976e-05
65 8 0.00018366506233921166
65 9 0.0003450353094415838
65 10 0.000679268388667872
65 11 0.0015742602811414218
65 12 0.003340423382854568
65 13 0.005882231281481048
65 14 0.011135252594240162
65 15 0.02143384577663786
65 16 0.03153775331304142
65 17 0.0428847843278224
65 18 0.05436553086536478
65 19 0.06897884740216698
65 20 0.08261363894840745
65 21 0.10356725637105281
65 22 0.11769332792658758
65 23 0.14442171564602124
65 24 0.1779034057296025
65 25 0.2188716705312984
65 26 0.29656367151119906
65 27 0.5724507555227891
65 28 0.613402564311695
65 29 0.6430265909847515
65 30 0.7185870063983901
65 31 0.7673204479370066
65 32 0.8217220346318723
65 33 0.8613766699815624
65 34 0.919452930792181
65 35 1.007222642347134
65 36 1.0745621329148733
65 37 1.1148826596971786
65 38 1.1877659703598533
65 39 1.2503858563510886
65 40 1.3303659242413697
66 0 1.2135265119590156e-08
66 1 9.979748382371995e-08
66 2 5.7298738782082936e-08
66 3 5.828381005777354e-06
66 4 3.5077632800320736e-06
66 5 2.799274598683206e-06
66 6 6.673956896625769e-05
66 7 0.00010634302088379641
66 8 0.0002263945080523535
66 9 0.0006019355486310885
66 10 0.0007486205571713646
66 11 0.002039271196207991
66 12 0.003576813862598627
66 13 0.007020640484591354
66 14 0.013868648269463912
66 15 0.023966491544649422
66 16 0.03481914343784624
66 17 0.046340893008195466
66 18 0.059969579667547124
66 19 0.069721376081124
66 20 0.09046590401365497
66 21 0.10396191013440843
66 22 0.12006930297972089
66 23 0.15268853399719512
66 24 0.18963082198843484
66 25 0.22783594374554922
66 26 0.3238164167194536
66 27 0.5480663310017672
66 28 0.5943706959043059
66 29 0.6745091039097175
66 30 0.7286221691622846
66 31 0.7677817388849513
66 32 0.817917726982729
66 33 0.9058459455666783
66 34 0.9299740673306535
66 35 0.9945362581918754
66 36 1.069818417350475
66 37 1.134376973885748
66 38 1.1587777286591807
66 39 1.266805116730822
66 40 1.3273125066406792
67 0 2.114962015232109e-06
67 1 2.5432599315199827e-08
67 2 3.436368551980195e-08
67 3 5.856803083838542e-06
67 4 2.0691483559121936e-05
67 5 3.2725801558898794e-05
67 6 4.757103037054675e-05
67 7 9.870672029068841e-05
67 8 0.00025035802520121585
67 9 0.0005470088475427117
67 10 0.0011022468397904877
67 11 0.0021255719205405294
67 12 0.0043152575941304595
67 13 0.008986220844240634
67 14 0.016177238448749527
67 15 0.02662437399418896
67 16 0.037072891396736814
67 17 0.0474763075822254
67 18 0.05912353768395377
67 19 0.07439647189880204
67 20 0.08996012460776204
67 21 0.10511145005886997
67 22 0.12422559018694501
67 23 0.15339338630554883
67 24 0.18940655524937122
67 25 0.24404432772681312
67 26 0.3612170384620174
67 27 0.5663427400001559
67 28 0.6198911436116175
67 29 0.6747744411735845
67 30 0.7025022732212741
67 31 0.7710032586296155
67 32 0.8289055414057246
67 33 0.8766585935928238
67 34 0.9241416997406664
67 35 1.0088812877314322
67 36 1.044346250791732
67 37 1.1112044786739843
67 38 1.186249968811739
67 39 1.2268346373318086
67 40 1.3309973746372246
68 0 1.175711845018761e-08
68 1 5.340670179262692e-06
68 2 5.208473978668989e-08
68 3 4.200242304976061e-08
68 4 1.2538776279497737e-05
68 5 1.6343574009008645e-06
68 6 8.717411262166361e-05
68 7 0.00019257183647190286
68 8 0.0003868663571010823
68 9 0.0007209579920592658
68 10 0.0014807764617483054
68 11 0.002762323356425869
68 12 0.005544450456432768
68 13 0.010725666868198766
68 14 0.01954906668217724
68 15 0.029664150773103786
68 16 0.03868571356144554
68 17 0.049906382725221625
68 18 0.06241593727867987
68 19 0.07681732945995597
68 20 0.09182798644934544
68 21 0.11025691465923135
68 22 0.13673731819634663
68 23 0.15860110342703487
68 24 0.19088600543696865
68 25 0.26764086863687003
68 26 0.43248228385965887
68 27 0.562033294972158
68 28 0.621100256862493
68 29 0.6639725251350317
68 30 0.7151591949211374
68 31 0.7555900340966899
68 32 0.8293846288797829
68 33 0.8760470774451471
68 34 0.9477838928917061
68 35 1.0097690046301344
68 36 1.0605049084713327
68 37 1.1559391466707023
68 38 1.1775388676076226
68 39 1.2492673241561363
68 40 1.3451248338662873
69 0 1.615929230949154e-08
69 1 4.398119347105494e-08
69 2 9.567007623987818e-08
69 3 1.1007258322547973e-05
69 4 1.736479597845377e-05
69 5 3.989567246846238e-05
69 6 0.00011014106513317076
69 7 0.0001625375087297343
69 8 0.000408152208058301
69 9 0.0007805884014754903
69 10 0.0014250943360692749
69 11 0.0033377726090661943
69 12 0.00658733963433528
69 13 0.01288842990645237
69 14 0.021387839404830054
69 15 0.03085148798731852
69 16 0.040590580086872795
69 17 0.0525504104043831
69 18 0.06576443566756296
69 19 0.07780459926555464
69 20 0.0961342072135677
69 21 0.11293349261458312
69 22 0.135056041783514
69 23 0.16020470624869654
69 24 0.20510174303828144
69 25 0.2790887049731761
69 26 0.5094573302049334
69 27 0.5633803821574656
69 28 0.603860789234355
69 29 0.6520008148085544
69 30 0.7204663490594448
69 31 0.7884363243699137
69 32 0.8178714974839916
69 33 0.8673090360000467
69 34 0.9325839948624011
69 35 0.9913753724350849
69 36 1.0598826407056787
69 37 1.113663396128583
69 38 1.2116779517419312
69 39 1.2435897742001023
69 40 1.3308619318517614
70 0 1.4591921848487825e-06
70 1 3.8633694980258043e-08
70 2 1.3157443646158606e-05
70 3 2.75331644665801e-07
70 4 6.8065460599162045e-06
70 5 3.54337145767802e-05
70 6 0.00014942236654281796
70 7 0.0001905680377713234
70 8 0.0005254154178714173
70 9 0.0009084011088463683
70 10 0.0017860977421698206
70 11 0.00378718272367459
70 12 0.007373286945058482
70 13 0.014456748711870412
70 14 0.023403348962611883
70 15 0.03224627456840097
70 16 0.04215720986048697
70 17 0.05586399606705638
70 18 0.06532129571965292
70 19 0.08160268017583902
70 20 0.09725937961967489
70 21 0.11557150165021694
70 22 0.13490581573152502
70 23 0.16863549915592635
70 24 0.21220508780120975
70 25 0.31601431165876803
70 26 0.5144876972600345
70 27 0.5588879826269382
70 28 0.611255418313662
70 29 0.6282813630718327
70 30 0.7236378299835742
70 31 0.7490979622600207
70 32 0.8100453580535395
70 33 0.8632011884050018
70 34 0.93840730403233
70 35 0.9902682307653132
70 36 1.0825518341798874
70 37 1.1121620743772416
70 38 1.1811817291039357
70 39 1.2420415612987121
70 40 1.3075908665824756
71 0 1.4406221062298973e-08
71 1 8.570786884173372e-07
71 2 3.3414878071625855e-06
71 3 6.933668792325233e-06
71 4 1.2484816743799214e-05
71 5 6.54095995216533e-05
71 6 0.00012319637825457006
71 7 0.00032627864941948303
71 8 0.0005793802900945416
71 9 0.0012652812954780507
71 10 0.002199849479485257
71 11 0.0041477021112581
71 12 0.00816104029485722
71 13 0.01570898020037295
71 14 0.024699253521071808
71 15 0.03402516367250747
71 16 0.04317608669531703
71 17 0.05667897517268145
71 18 0.07014072359192165
71 19 0.0800413968061828
71 20 0.09655396672971829
71 21 0.11796430271732095
71 22 0.14008537344405866
71 23 0.1753299796666157
71 24 0.22133815006041413
71 25 0.33769576929151207
71 26 0.4953119342313027
71 27 0.5580686100299672
71 28 0.6146525234525274
71 29 0.6574065222417955
71 30 0.6889125399314379
71 31 0.7949594251469981
71 32 0.8348731091835946
71 33 0.8958936535465373
71 34 0.9335079871794042
71 35 1.0301373919437786
71 36 1.035801924499712
71 37 1.115307017904131
71 38 1.160263625130068
71 39 1.2241014124562501
71 40 1.3154720317589312
72 0 4.689191640788279e-06
72 1 7.930788610301595e-06
72 2 1.5306961274726542e-06
72 3 6.636143412197616e-06
72 4 2.1175041374386308e-05
72 5 6.760774113171303e-05
72 6 0.0001493298208371201
72 7 0.0003761757465416258
72 8 0.0007310482180706985
72 9 0.001397741552631473
72 10 0.0025486716932162133
72 11 0.004986806103033231
72 12 0.010148361834714131
72 13 0.017396136252294025
72 14 0.025925998159261415
72 15 0.03524041159915912
72 16 0.04575760415261853
72 17 0.05880842267197802
72 18 0.06871075518602142
72 19 0.08455444013201911
72 20 0.09950687202464048
72 21 0.11914671727881716
72 22 0.14526887280893552
72 23 0.1808621008998427
72 24 0.24224150737416225
72 25 0.4103751649684169
72 26 0.5081970897128014
72 27 0.5526977433956094
72 28 0.5886185897714693
72 29 0.6485853876338453
72 30 0.7062100917137082
72 31 0.7840773328671031
72 32 0.8331326828127036
72 33 0.8619947761228698
72 34 0.923571938578258
72 35 1.0147645196654798
72 36 1.0367152059495766
72 37 1.1224361867137609
72 38 1.1861854319115992
72 39 1.26029548645302
72 40 1.3633860066826793
73 0 6.400886911343719e-07
73 1 4.37358902695703e-06
73 2 1.6631738323937447e-06
73 3 1.4052876818806575e-05
73 4 5.647178317462787e-05
73 5 7.116519418968086e-05
73 6 0.0001632560133343641
73 7 0.0003811837378442706
73 8 0.0007664182347258032
73 9 0.0014860369087868737
73 10 0.0029290565958934836
73 11 0.005933764305412197
73 12 0.01126197610421531
73 13 0.017730750328945326
73 14 0.026773042220681567
73 15 0.03683538876881021
73 16 0.04806173178349613
73 17 0.058353751242911846
73 18 0.07011236179614473
73 19 0.08647586535901762
73 20 0.09995467438985402
73 21 0.12517887022234575
73 22 0.15312287308693429
73 23 0.18808428866843174
73 24 0.26075363466983265
73 25 0.4744122531415187
73 26 0.5128432851789998
73 27 0.5548502659529506
73 28 0.613622524525117
73 29 0.649482378274877
73 30 0.7139944121534859
73 31 0.7547160030896732
73 32 0.83252732373729
73 33 0.8659356300850933
73 34 0.9499693672705294
73 35 1.0219366622012833
73 36 1.0887105284449716
73 37 1.1536902517655916
73 38 1.2025497770238338
73 39 1.2271335089589575
73 40 1.3061673530871125
74 0 1.8009065818908942e-08
74 1 2.2208476993673767e-06
74 2 2.6507064395610124e-06
74 3 1.8714410818742598e-05
74 4 8.346251470666299e-05
74 5 0.00012907266361036855
74 6 0.0002084212548230174
74 7 0.0005416532858801183
74 8 0.0008308871185251004
74 9 0.001800993208665354
74 10 0.003488285379250007
74 11 0.007234192819129493
74 12 0.012437435639254375
74 13 0.01839435089515261
74 14 0.02807604650173368
74 15 0.039355299531267755
74 16 0.049617305776194574
74 17 0.06065175057324179
74 18 0.0731714963799959
74 19 0.08830434881086621
74 20 0.10343601336806492
74 21 0.1308217764718692
74 22 0.15661245942270505
74 23 0.1914730572640081
74 24 0.2856420617625826
74 25 0.46328623828960197
74 26 0.5077008705181943
74 27 0.5663824325806559
74 28 0.5932601736531885
74 29 0.6617017756895924
74 30 0.7087758853520433
74 31 0.7484816114319306
74 32 0.8611493968102237
74 33 0.8754392139448973
74 34 0.9308645708474212
74 35 1.0137123681207691
74 36 1.1018801843405828
74 37 1.116238201312674
74 38 1.2065196854608407
74 39 1.2412705954918237
74 40 1.3433672818370115
