14 0 2.9559685576566406e-06
14 1 1.0943973705388715e-05
14 2 2.7373382799672986e-05
14 3 1.889352818062192e-05
14 4 8.764313031784994e-05
14 5 0.00014937191488901077
14 6 0.00031576872530485043
14 7 0.0006604029314415958
14 8 0.0012080770835188306
14 9 0.002594267955338486
14 10 0.005221113661815655
14 11 0.00998684361046432
14 12 0.014719233777592853
14 13 0.019005996552463628
14 14 0.026462651347251735
14 15 0.03320418262390629
14 16 0.04152999668643235
14 17 0.05341237138464186
14 18 0.06613547030886527
14 19 0.08506795638838484
14 20 0.10129219439436381
14 21 0.12660683311668444
14 22 0.15331268247666044
14 23 0.19156966253599816
14 24 0.2557426131725543
14 25 0.4788209255120535
14 26 0.5080880180180974
14 27 0.553091007736991
14 28 0.6148830323425547
14 29 0.6716152632435977
14 30 0.7176291800656207
14 31 0.7747462066370793
14 32 0.8191711996561233
14 33 0.8829548784889215
14 34 0.9481624350626746
14 35 0.9930898335007458
14 36 1.0717215671290645
14 37 1.1091127241428131
14 38 1.1740324180193555
14 39 1.2653739069453596
14 40 1.3199515405391533
15 0 9.532837043788592e-08
15 1 6.6303572967493186e-06
15 2 1.1271823207213902e-05
15 3 4.725399534438654e-05
15 4 7.288669245643339e-05
15 5 0.00013781382339630785
15 6 0.00023032959593102912
15 7 0.0005770918899289981
15 8 0.001082120911660053
15 9 0.0022754184960317734
15 10 0.004377997409488981
15 11 0.00883574398047025
15 12 0.014032309382560317
15 13 0.019022945475906532
15 14 0.025184524545705817
15 15 0.03196232910746761
15 16 0.04178127327828761
15 17 0.05104245347860452
15 18 0.0652552803989014
15 19 0.08076061621584188
15 20 0.10100203446255236
15 21 0.1249741665464483
15 22 0.1507277101726209
15 23 0.18396774424376452
15 24 0.24033526860962365
15 25 0.4792538701776511
15 26 0.5179604759757853
15 27 0.5533742425957892
15 28 0.5857626699853014
15 29 0.6818164291013703
15 30 0.7077611819855816
15 31 0.7836602827795692
15 32 0.8131266046755034
15 33 0.8421810404562561
15 34 0.9325421896412794
15 35 0.9905133582055315
15 36 1.054540419843237
15 37 1.097004550336341
15 38 1.2122217423377417
15 39 1.262775882794268
15 40 1.2827329240924628
16 0 1.0370909888347717e-05
16 1 2.373530742753675e-06
16 2 7.588746776526142e-06
16 3 1.9089820328550615e-05
16 4 3.7821293689134206e-05
16 5 9.585199103150057e-05
16 6 0.0002658651793671316
16 7 0.0005661809665182717
16 8 0.0009876611768021672
16 9 0.0019287909161596261
16 10 0.003769564326381493
16 11 0.00813431429995523
16 12 0.013328025540130482
16 13 0.01845717099167746
16 14 0.024072739549079132
16 15 0.03215396217949493
16 16 0.04213105626087858
16 17 0.05035922172716651
16 18 0.06379696489967168
16 19 0.07648202677766831
16 20 0.09651260930707972
16 21 0.11710896239977894
16 22 0.14758621098351396
16 23 0.18587255674969205
16 24 0.23649082173116034
16 25 0.4597732935257688
16 26 0.5073214071012834
16 27 0.5500359049107971
16 28 0.6048870670573315
16 29 0.6620361644579738
16 30 0.7191763542133395
16 31 0.7738062618553294
16 32 0.8122596357201309
16 33 0.9080088354498604
16 34 0.9118497500241936
16 35 0.9982538772475035
16 36 1.0532864318136068
16 37 1.1065227719415986
16 38 1.1700813904326879
16 39 1.2511952651703735
16 40 1.3174716506004418
17 0 1.0040353365006862e-06
17 1 3.4199524516404885e-06
17 2 1.665342165630294e-05
17 3 9.57454967204423e-06
17 4 4.306312330436572e-05
17 5 0.00016163910526217115
17 6 0.00020169520076109476
17 7 0.00044280187120801983
17 8 0.0009170384097000866
17 9 0.0015070718365747234
17 10 0.0031432347195503646
17 11 0.006490797628483202
17 12 0.012182517792237342
17 13 0.017620214751554227
17 14 0.023926854099405155
17 15 0.031214944231729436
17 16 0.03919209388910112
17 17 0.05005358765820079
17 18 0.06285803475783701
17 19 0.07902702096735832
17 20 0.09505093218991931
17 21 0.11550402857023007
17 22 0.1462353733367658
17 23 0.1754744378583316
17 24 0.22237020248086842
17 25 0.3949749668476413
17 26 0.5099933697776587
17 27 0.555639292740458
17 28 0.6027184749300377
17 29 0.6582221376396044
17 30 0.7183602197797914
17 31 0.7625469591912846
17 32 0.8120601436159927
17 33 0.882179257156887
17 34 0.9186090828320203
17 35 1.0089291972582362
17 36 1.0454948780772912
17 37 1.156480612488319
17 38 1.1874764708931114
17 39 1.2563731547889077
17 40 1.3056108013580523
18 0 3.3444785092911047e-06
18 1 9.075126073979927e-06
18 2 1.3645975100544674e-05
18 3 4.768899324914475e-06
18 4 4.703379722237997e-05
18 5 7.365936590558371e-05
18 6 0.0001946275132288098
18 7 0.00043143173569673375
18 8 0.000653812110941949
18 9 0.0016287387632021749
18 10 0.0027765875690781263
18 11 0.005710487403089845
18 12 0.011168319773675512
18 13 0.016613304722153877
18 14 0.02322025335885532
18 15 0.03016395958527164
18 16 0.039483308950859886
18 17 0.04802071415844709
18 18 0.06103195473390085
18 19 0.07578284308516511
18 20 0.09004934368086372
18 21 0.1166934473806663
18 22 0.1400113679640158
18 23 0.17839949439452946
18 24 0.2140162149568963
18 25 0.3233876144452749
18 26 0.5094119266074001
18 27 0.5539101469553811
18 28 0.6198034618213264
18 29 0.6637074535565808
18 30 0.706861547311253
18 31 0.7776472944201099
18 32 0.8199414270557076
18 33 0.8916680217286901
18 34 0.9401199406598595
18 35 0.9775981897932917
18 36 1.0755527746679492
18 37 1.1501958476310759
18 38 1.1587312685403277
18 39 1.2739706977551628
18 40 1.3214540595453341
19 0 2.2164589900787413e-09
19 1 5.447198680035469e-06
19 2 4.199315752708338e-06
19 3 3.1357716845366186e-05
19 4 2.4146165343393706e-05
19 5 4.7105794151821626e-05
19 6 0.00013915170545134912
19 7 0.0003914068388131633
19 8 0.0006690922981041167
19 9 0.001205172487395426
19 10 0.0022574889888966553
19 11 0.0048983507614619
19 12 0.010089125707604429
19 13 0.015152160633324332
19 14 0.021985074503892265
19 15 0.028806132976552868
19 16 0.03688100157185438
19 17 0.046082457348668046
19 18 0.05937803780337015
19 19 0.07441778098770942
19 20 0.0947178798890028
19 21 0.11274063225245404
19 22 0.1353101672291944
19 23 0.16406163200540796
19 24 0.2134182096067934
19 25 0.31006674146925767
19 26 0.515623471448385
19 27 0.5579003916408957
19 28 0.601406688001681
19 29 0.6567891678814902
19 30 0.7015682449375464
19 31 0.7716258491752244
19 32 0.817330554084433
19 33 0.8925375129902264
19 34 0.9448852963872386
19 35 0.9752938538538588
19 36 1.0858775682740422
19 37 1.1279958381862918
19 38 1.1851544914286787
19 39 1.2383304348199138
19 40 1.3540588424220936
20 0 1.6042718759732064e-09
20 1 2.9981759173916457e-06
20 2 2.396452369587061e-08
20 3 3.491685173505475e-05
20 4 8.576576092905284e-06
20 5 4.420232638865965e-05
20 6 0.00011979355975995929
20 7 0.000252784642690751
20 8 0.0004866203606385168
20 9 0.0009936486057361158
20 10 0.002053322565832781
20 11 0.003991343770878153
20 12 0.00843225446516918
20 13 0.014780387211967701
20 14 0.02029744125608482
20 15 0.027950274052936503
20 16 0.036438839154674454
20 17 0.04744087566435467
20 18 0.05628824097417622
20 19 0.07357626335532443
20 20 0.0902502276206018
20 21 0.11164682584492552
20 22 0.13427051244646498
20 23 0.1639424162822667
20 24 0.20054343087280896
20 25 0.28455916357852445
20 26 0.5148305200320137
20 27 0.5643699000657558
20 28 0.6080646413694354
20 29 0.6594399077757783
20 30 0.7199430376880893
20 31 0.7377865583750309
20 32 0.8315548753017497
20 33 0.8725821466487325
20 34 0.9356758390696023
20 35 0.9930142798987752
20 36 1.0818477839091385
20 37 1.1498299819843651
20 38 1.160145212529218
20 39 1.2783276020242604
20 40 1.3006341175793965
21 0 1.2652160335984437e-09
21 1 6.060719318219475e-09
21 2 1.5756849372147185e-06
21 3 2.7879719470056806e-05
21 4 1.749925675977121e-05
21 5 9.527751075829157e-05
21 6 0.00010625487280736561
21 7 0.0001954852285455518
21 8 0.00047566056635574565
21 9 0.0008628226298113354
21 10 0.0017588479766174664
21 11 0.0031701871265694564
21 12 0.006920777964000025
21 13 0.013377598138461141
21 14 0.01906389626025518
21 15 0.02745016036265279
21 16 0.03717046657671917
21 17 0.045222959657987616
21 18 0.0581194240994005
21 19 0.0720087962667162
21 20 0.08770802193618699
21 21 0.10966638363500769
21 22 0.1349209862772663
21 23 0.16369677814675607
21 24 0.20314800618320725
21 25 0.2703103359214723
21 26 0.5086559297114097
21 27 0.5530655841939196
21 28 0.6118897778646553
21 29 0.6442312606480491
21 30 0.7124343222615737
21 31 0.7582206185857371
21 32 0.8207444906297671
21 33 0.8928556191785885
21 34 0.9362575716562418
21 35 0.9827905539448808
21 36 1.0432489137076026
21 37 1.1253713997281003
21 38 1.1829698132351052
21 39 1.2709177003386374
21 40 1.3257557305289
22 0 8.660446892353792e-10
22 1 5.698414693983676e-09
22 2 3.565359212602849e-06
22 3 1.1334835727137769e-05
22 4 2.4892618743467556e-05
22 5 6.538674526209482e-05
22 6 9.019121761939007e-05
22 7 0.0002263099498592013
22 8 0.00041449023237618936
22 9 0.0007688290871290858
22 10 0.0013405396377747974
22 11 0.002551016849960293
22 12 0.005220517075882753
22 13 0.010604396364483895
22 14 0.018310198011866022
22 15 0.02468908318348151
22 16 0.03396416784781508
22 17 0.043041174840042926
22 18 0.055771564765379915
22 19 0.06946266618634993
22 20 0.08769622581782996
22 21 0.1056496449529092
22 22 0.12814781683138363
22 23 0.16155579157698308
22 24 0.19856260623083122
22 25 0.2548226162103165
22 26 0.501993505648261
22 27 0.5458412386861183
22 28 0.6113341699850418
22 29 0.6291380345386157
22 30 0.7210077788603309
22 31 0.759683945339096
22 32 0.8126762762852088
22 33 0.8824100833529596
22 34 0.9489744945628769
22 35 0.9967855377993919
22 36 1.067646126569846
22 37 1.150716346133687
22 38 1.1969051108642805
22 39 1.2361747843592674
22 40 1.327587029453049
23 0 8.404603421976295e-10
23 1 2.3332648200375836e-09
23 2 4.677071560635041e-09
23 3 1.5045416058566865e-05
23 4 1.149233335446177e-05
23 5 3.30922472243249e-05
23 6 7.767582053137625e-05
23 7 0.00010968203126459458
23 8 0.0003802018655400621
23 9 0.0006290134533129246
23 10 0.0010892753100284597
23 11 0.0025479114508096534
23 12 0.004285077116072145
23 13 0.008485849923396687
23 14 0.015743815396929536
23 15 0.024076681949914427
23 16 0.032774835477233526
23 17 0.0439225622742161
23 18 0.05457862838793702
23 19 0.06791963809180679
23 20 0.08534878222091634
23 21 0.1055767492221934
23 22 0.12809985901777296
23 23 0.14885820424644197
23 24 0.19398644404698767
23 25 0.254829091122502
23 26 0.41860512168866143
23 27 0.562951271826223
23 28 0.6183844382211313
23 29 0.6552959547344199
23 30 0.7201519743561786
23 31 0.759639978944039
23 32 0.8246332706890207
23 33 0.8811970976616132
23 34 0.9431851085903777
23 35 0.9929749625875735
23 36 1.0416800291525514
23 37 1.1225039524711813
23 38 1.1548225793231788
23 39 1.2282473858953493
23 40 1.3154332278894174
24 0 9.557044415382927e-10
24 1 5.494120664904446e-09
24 2 3.1677873002637547e-06
24 3 2.1516642791602038e-06
24 4 7.434004073647332e-06
24 5 8.269495184549933e-06
24 6 1.20387717275975e-05
24 7 0.00014073165779048121
24 8 0.00034286348112660167
24 9 0.0005405614393427432
24 10 0.0010325045428388258
24 11 0.001937520496337393
24 12 0.003577318872406095
24 13 0.0069701154433581365
24 14 0.013103616903405788
24 15 0.022696676480462814
24 16 0.030944352623249086
24 17 0.04074404849430484
24 18 0.052766992047488005
24 19 0.0660583033299478
24 20 0.08502236375081867
24 21 0.10374172831612978
24 22 0.12450499573153243
24 23 0.14848906373566026
24 24 0.18150938858780533
24 25 0.23849905815559685
24 26 0.38364339761392535
24 27 0.5711995239217871
24 28 0.5897058028097033
24 29 0.6692462759107439
24 30 0.6940518750339988
24 31 0.7793978784596762
24 32 0.8087785474237484
24 33 0.8846148446828987
24 34 0.9302169077384779
24 35 1.0042743027480125
24 36 1.0233173606399577
24 37 1.1160932274990203
24 38 1.201042197025492
24 39 1.2625043876503081
24 40 1.3138773055175978
25 0 3.2130365961422373e-09
25 1 1.2452097970854665e-05
25 2 4.208667906407406e-09
25 3 1.1777949901083031e-08
25 4 7.528585843480099e-07
25 5 3.051400507560243e-05
25 6 6.411011137942231e-05
25 7 8.7737522346573e-05
25 8 0.00019251929649714267
25 9 0.00040070845153799406
25 10 0.0008483726545799893
25 11 0.0013483243437290727
25 12 0.002913527261692163
25 13 0.005068706218532863
25 14 0.009629867300463576
25 15 0.01960980591282876
25 16 0.02872046658929619
25 17 0.03965283074483167
25 18 0.05152236895604464
25 19 0.06654206515151612
25 20 0.08151282625267399
25 21 0.09863049251358998
25 22 0.12129684351469523
25 23 0.14877327833824858
25 24 0.1814072867372688
25 25 0.23609263235525554
25 26 0.3539733273553586
25 27 0.5704422540517475
25 28 0.6239185496490421
25 29 0.6543030028589347
25 30 0.7032058539830235
25 31 0.7430069892242505
25 32 0.820851644893398
25 33 0.8825244915365064
25 34 0.9097702525384251
25 35 0.995365034948181
25 36 1.0545734931637152
25 37 1.1221455511226082
25 38 1.2266897230604197
25 39 1.2658763992687132
25 40 1.2940232976037045
26 0 5.667962536443014e-10
26 1 1.8010015019179584e-09
26 2 4.475855192687733e-09
26 3 1.1263039140005834e-05
26 4 1.110666787015733e-05
26 5 2.9868545719593998e-05
26 6 3.9780192226232255e-05
26 7 4.68311744650624e-05
26 8 0.0001480631692785212
26 9 0.000332413316417843
26 10 0.0004985157674976028
26 11 0.0010840509346783903
26 12 0.0019967005692369715
26 13 0.0042142312393827226
26 14 0.007960977024255475
26 15 0.01687000869196139
26 16 0.02605623530633877
26 17 0.03899727405044333
26 18 0.05065049778333627
26 19 0.0643858008778491
26 20 0.0797180772426059
26 21 0.09896739982888847
26 22 0.11788261612985489
26 23 0.1456050152309262
26 24 0.18433894752794505
26 25 0.22904464325153148
26 26 0.32665445693136824
26 27 0.5644147289726408
26 28 0.6044204952739729
26 29 0.6666247732898821
26 30 0.6920605289483407
26 31 0.7731708204913516
26 32 0.8156440098936717
26 33 0.8939478601133405
26 34 0.9115672550469462
26 35 0.9946967195355648
26 36 1.0576064600356723
26 37 1.151038271156004
26 38 1.1821374810770182
26 39 1.2851273238433865
26 40 1.3257742543968463
27 0 6.968805025347137e-10
27 1 1.3402478522928009e-09
27 2 4.088929125478721e-09
27 3 7.7808348384852e-06
27 4 9.296759868707309e-06
27 5 2.6617176949507743e-05
27 6 1.343647953136249e-05
27 7 3.915961417810756e-05
27 8 0.00013948245132472422
27 9 0.0002000271950693226
27 10 0.000392189983191068
27 11 0.0009989340164052835
27 12 0.0016222007598383264
27 13 0.00339324037637874
27 14 0.006781637371120468
27 15 0.012273748384576596
27 16 0.0227793715641358
27 17 0.0354422618612126
27 18 0.04917012660227863
27 19 0.05996811909936498
27 20 0.07635300019095774
27 21 0.0958269092379591
27 22 0.11710290740359391
27 23 0.14181015577021508
27 24 0.1762556642924788
27 25 0.22358202614181938
27 26 0.3181544273601838
27 27 0.562078745113694
27 28 0.6019747589090095
27 29 0.6406666512516039
27 30 0.7280089389826315
27 31 0.787301697864405
27 32 0.8296153829178705
27 33 0.8849278549281696
27 34 0.9402301226180154
27 35 1.0014339685853946
27 36 1.0506480851412365
27 37 1.147832444818009
27 38 1.1681259027431545
27 39 1.2491656391232264
27 40 1.3092870325521822
28 0 6.589104140120922e-10
28 1 1.993267817142317e-09
28 2 2.6778857094339713e-09
28 3 3.9038174399872e-09
28 4 2.7256136929034488e-08
28 5 1.775830918739158e-08
28 6 9.033155203168522e-06
28 7 2.7511836488688257e-05
28 8 4.993601992238765e-05
28 9 0.00014069653572648
28 10 0.0003665482597195283
28 11 0.0008021477036776572
28 12 0.0014088345797936815
28 13 0.002944628793544218
28 14 0.005073954431834912
28 15 0.009764903733562733
28 16 0.01886043021854138
28 17 0.03230104580436976
28 18 0.04565696327142917
28 19 0.0585803390763681
28 20 0.07551528796225357
28 21 0.09580664289449367
28 22 0.1184961990154392
28 23 0.14267166568988274
28 24 0.16774701219698693
28 25 0.22189893286511983
28 26 0.2910148125023658
28 27 0.5473072694199684
28 28 0.6095142476018875
28 29 0.6624657332248712
28 30 0.7202486101988864
28 31 0.7594254007319323
28 32 0.8175911416574742
28 33 0.8646975203034155
28 34 0.955965122571336
28 35 0.9865296486225001
28 36 1.0602470255136942
28 37 1.1524081865019056
28 38 1.1886070829610205
28 39 1.2632980066402586
28 40 1.317865210345178
29 0 7.486048109555589e-10
29 1 1.133323556683823e-09
29 2 2.2456011110782667e-06
29 3 3.856822546420559e-09
29 4 4.954028793162787e-06
29 5 4.747686879779319e-06
29 6 3.788122529457695e-08
29 7 2.759922432387131e-05
29 8 3.459328184124961e-05
29 9 0.00015376362917124439
29 10 0.0002158570825387119
29 11 0.0005242936413280768
29 12 0.0009756471364922876
29 13 0.0020938904495603327
29 14 0.0035570162980853234
29 15 0.008082379647863848
29 16 0.015422751061156663
29 17 0.028766169390516863
29 18 0.041553306857503684
29 19 0.057191090634584635
29 20 0.07367157274871865
29 21 0.09143752074609321
29 22 0.11615834797082958
29 23 0.14006283815070367
29 24 0.16794978420403947
29 25 0.21874325538961192
29 26 0.29529950079525796
29 27 0.4828765896262795
29 28 0.6090670316805306
29 29 0.6649766357402284
29 30 0.7246876908358626
29 31 0.7683460086528988
29 32 0.836153906103197
29 33 0.8887420571614717
29 34 0.9404587130245671
29 35 1.0386046198574936
29 36 1.071668291043368
29 37 1.1166878256806727
29 38 1.143227333393305
29 39 1.2772738549221758
29 40 1.3345973964886826
30 0 5.814240735368242e-10
30 1 1.0738267430108838e-09
30 2 2.635766370976421e-09
30 3 3.98981146458909e-06
30 4 9.923457553784098e-09
30 5 1.5380050569755616e-08
30 6 6.315639219391933e-08
30 7 2.7676811043435777e-05
30 8 6.533021756584186e-05
30 9 8.706790722905319e-05
30 10 0.0002796628583707562
30 11 0.0004431117217760549
30 12 0.0008742853633012818
30 13 0.0018245695818522737
30 14 0.0038183125279853316
30 15 0.006165821167617613
30 16 0.011554189962036951
30 17 0.022282674804195476
30 18 0.038957080552319605
30 19 0.05413344603372491
30 20 0.06980633447620657
30 21 0.08947289300252503
30 22 0.10895390854856737
30 23 0.13876452551020954
30 24 0.1681730687990681
30 25 0.20684575438807473
30 26 0.2759663317127129
30 27 0.42443531022486247
30 28 0.5946648733443153
30 29 0.6543895143627595
30 30 0.6971250761981767
30 31 0.7629174750491339
30 32 0.8462357035051131
30 33 0.8669344077822494
30 34 0.9516316621196514
30 35 0.9958122865417337
30 36 1.0557919513286529
30 37 1.1254044056070944
30 38 1.1839866864969777
30 39 1.2244218200742518
30 40 1.2660811565048573
31 0 4.709423719318134e-10
31 1 2.211212251680425e-09
31 2 1.5282629456297697e-09
31 3 3.1931461275028602e-09
31 4 8.285073378941283e-09
31 5 1.7650427962395618e-08
31 6 6.276476178068417e-06
31 7 6.132921776444626e-06
31 8 1.1888130255280007e-05
31 9 0.00013850509188685186
31 10 0.00010636259084327022
31 11 0.0002288074749432211
31 12 0.0006565760579592876
31 13 0.0013174229130503774
31 14 0.002703850703539963
31 15 0.004829226098593466
31 16 0.009298804741420063
31 17 0.017632313768947194
31 18 0.03278730087431853
31 19 0.05031653879026365
31 20 0.06658945034602763
31 21 0.08411721897282766
31 22 0.10540048589635642
31 23 0.1327381403199752
31 24 0.16058644360083418
31 25 0.20378157986885362
31 26 0.26595910257434696
31 27 0.3897131331099063
31 28 0.5879580012931145
31 29 0.6590127955972034
31 30 0.6993731138828274
31 31 0.7786135874080731
31 32 0.795998618795858
31 33 0.8543722143112922
31 34 0.9374670743472819
31 35 0.955022050550664
31 36 1.055398569800015
31 37 1.1306738047912221
31 38 1.2030360229008372
31 39 1.2681323354112193
31 40 1.3439697963669197
32 0 4.727476209634661e-10
32 1 9.168437662951351e-10
32 2 2.1389943297024486e-09
32 3 2.659701099929127e-09
32 4 8.197335766135983e-09
32 5 4.313594862554276e-05
32 6 4.724193683317692e-06
32 7 5.92133078278741e-06
32 8 2.1684370066852316e-05
32 9 1.3088355180071576e-05
32 10 8.449246807427583e-05
32 11 0.00036451638219803034
32 12 0.000516557455453979
32 13 0.001412632630640244
32 14 0.0019410740829198271
32 15 0.0032841322525967
32 16 0.007560178912254098
32 17 0.01285974495712927
32 18 0.027895792102419995
32 19 0.04554908509858081
32 20 0.06424009363680756
32 21 0.0821362449942962
32 22 0.10392467938616042
32 23 0.12661748383698
32 24 0.15589555797169086
32 25 0.1991885895732832
32 26 0.2531290279244452
32 27 0.36396321874595067
32 28 0.612180337784199
32 29 0.6496356848394256
32 30 0.7368836278331875
32 31 0.7586398880953732
32 32 0.825171259107942
32 33 0.8690466797186335
32 34 0.9394180876207947
32 35 0.9962312459681376
32 36 1.0546102754082134
32 37 1.089024079056065
32 38 1.170786444618506
32 39 1.272968221021337
32 40 1.2963918968185857
33 0 4.722805285281513e-10
33 1 9.494820247711524e-10
33 2 2.0785274538172333e-09
33 3 3.026730386845025e-09
33 4 5.023516732634248e-09
33 5 1.6015123616702118e-08
33 6 9.631719263468514e-06
33 7 1.0163276738114694e-05
33 8 3.554385588819663e-06
33 9 2.5872971746076227e-05
33 10 0.00010988126102704037
33 11 0.00021034342127123712
33 12 0.0004755531300407401
33 13 0.0006332584359688919
33 14 0.0016106066154155062
33 15 0.0030159250252588627
33 16 0.006315874209770414
33 17 0.011236353032750798
33 18 0.02070193268619811
33 19 0.03913386273448542
33 20 0.05874320793407695
33 21 0.08012182485823263
33 22 0.10337997167883443
33 23 0.12509078582731914
33 24 0.15455748763751462
33 25 0.19842216850296837
33 26 0.2489273845637623
33 27 0.3363181347555187
33 28 0.6152282654501522
33 29 0.6676340059620832
33 30 0.7178516039611431
33 31 0.7878314470759071
33 32 0.8210880238233711
33 33 0.8732469985574015
33 34 0.9745783963308587
33 35 0.9875795164761887
33 36 1.0622779544708576
33 37 1.1131911484245651
33 38 1.1822358340581267
33 39 1.257143458913949
33 40 1.3559296888075942
34 0 3.9021846393105627e-10
34 1 9.41380629648083e-10
34 2 1.4001743520646437e-09
34 3 2.3767579256611474e-09
34 4 6.922388660241771e-09
34 5 1.0861160332401547e-08
34 6 2.2872496262667617e-08
34 7 5.7827487603538065e-08
34 8 4.523208047240264e-06
34 9 4.085098044867909e-05
34 10 3.976423327596063e-05
34 11 0.00012449701436748032
34 12 0.00023995023074508724
34 13 0.0006161917024290696
34 14 0.0014015075800851492
34 15 0.0021480516235438925
34 16 0.004882282294015846
34 17 0.008036936707308711
34 18 0.01578039726855662
34 19 0.031088705890173707
34 20 0.054426623940830754
34 21 0.07395416556487847
34 22 0.09871920651659259
34 23 0.12470641234845811
34 24 0.14948844483172266
34 25 0.19103479214580285
34 26 0.24332834640728748
34 27 0.3263597905284378
34 28 0.6003232448432395
34 29 0.6512986774349442
34 30 0.6911684765689123
34 31 0.7516005006116444
34 32 0.8257678220134614
34 33 0.8636702258043443
34 34 0.9085472761774163
34 35 0.9853475241487464
34 36 1.055546196041799
34 37 1.121399762615507
34 38 1.1926119894615237
34 39 1.2303115600244243
34 40 1.3546888937915
35 0 5.287353677697889e-10
35 1 6.209885108643625e-10
35 2 1.4157629163168694e-09
35 3 2.8554351198862445e-09
35 4 7.786147521289343e-09
35 5 1.1663835546966417e-08
35 6 5.356383073913326e-06
35 7 4.651450635545873e-08
35 8 6.766702248472183e-07
35 9 4.370893700114893e-05
35 10 5.164968742787448e-05
35 11 7.55448832835057e-05
35 12 0.00028440555637297373
35 13 0.00045167079992098366
35 14 0.0011513000283136527
35 15 0.0016188582622781993
35 16 0.003965586697640376
35 17 0.006510293901004817
35 18 0.012687821298887354
35 19 0.02367875524737073
35 20 0.04540085527855996
35 21 0.07071412204002313
35 22 0.09153596388694848
35 23 0.12011981718641593
35 24 0.14617093127609201
35 25 0.18548279742138807
35 26 0.23451853529398736
35 27 0.3180291895400194
35 28 0.5985382335788624
35 29 0.6577759713956873
35 30 0.6877478764054821
35 31 0.7546621414047682
35 32 0.815351245316999
35 33 0.877401235994088
35 34 0.9473109544347742
35 35 1.0103053085116698
35 36 1.0725380678558003
35 37 1.0902330523603345
35 38 1.1760071408247275
35 39 1.2893188859711222
35 40 1.3251887075634095
36 0 3.986183590306373e-10
36 1 8.374459816899958e-10
36 2 1.9445325766288006e-09
36 3 1.991095343135559e-09
36 4 5.1229940450831065e-09
36 5 8.504036938459625e-09
36 6 2.9786633763436132e-08
36 7 3.72709756754797e-08
36 8 2.3379873247163207e-07
36 9 7.77570006406504e-06
36 10 2.803768812915102e-05
36 11 0.00014093354276448685
36 12 0.00016739992430602296
36 13 0.0003148677953599495
36 14 0.000762487281008645
36 15 0.0017744350813450654
36 16 0.0030953400247927484
36 17 0.006250368204259951
36 18 0.01048501972431657
36 19 0.020953522560567893
36 20 0.03738293600272665
36 21 0.06698994890072613
36 22 0.09051498515409362
36 23 0.1158909463857865
36 24 0.1452405062754477
36 25 0.18330468141402756
36 26 0.2256671289606636
36 27 0.2977304894533005
36 28 0.512762592396946
36 29 0.6596026328539578
36 30 0.7034054264941657
36 31 0.7424242467418712
36 32 0.8148406578870366
36 33 0.8541686916848684
36 34 0.9457115786289092
36 35 0.9868059129914922
36 36 1.0746710110627349
36 37 1.125605140868981
36 38 1.186052936567479
36 39 1.2691952555298522
36 40 1.2883256802258063
37 0 3.9025213773369634e-10
37 1 1.1143916162823255e-09
37 2 1.3379008980410398e-09
37 3 2.5417757882418962e-09
37 4 4.026357822527814e-09
37 5 1.1377249031360907e-08
37 6 1.677049697642313e-08
37 7 3.761266528025869e-08
37 8 2.0210700644235938e-07
37 9 1.1870599843612048e-07
37 10 1.1020858652268267e-05
37 11 8.553712925300654e-05
37 12 5.164519411189612e-05
37 13 0.0003263015667944688
37 14 0.0005367036393689976
37 15 0.0011670098060314645
37 16 0.0022387862669385966
37 17 0.00526396486527652
37 18 0.009085370561183772
37 19 0.016025817104701485
37 20 0.03393387932504732
37 21 0.057351527101699835
37 22 0.08264947862475365
37 23 0.10996207232789502
37 24 0.141356030933729
37 25 0.17474933332448178
37 26 0.2244132266948479
37 27 0.29399744974453734
37 28 0.4477118290345847
37 29 0.6598038953155781
37 30 0.7082216775000783
37 31 0.7651461776197412
37 32 0.808062841015531
37 33 0.8849627513010151
37 34 0.9315163087079354
37 35 1.003304748924334
37 36 1.0719020898741136
37 37 1.1000156981587195
37 38 1.1752741926484902
37 39 1.2782028069381095
37 40 1.2822775126797135
38 0 4.00022088835384e-10
38 1 1.31166633699217e-09
38 2 1.3494211922730472e-09
38 3 2.304415895332612e-09
38 4 4.325232605731486e-09
38 5 7.203410026516606e-09
38 6 1.5823599485095836e-08
38 7 2.804267317145813e-08
38 8 5.732211864243831e-08
38 9 1.5780684682059077e-05
38 10 3.428337561268063e-05
38 11 6.061523637971109e-05
38 12 0.00014249720146636125
38 13 2.112879636467629e-05
38 14 0.0004982195369081793
38 15 0.0014685187796259953
38 16 0.0017066195328038127
38 17 0.003702188218910562
38 18 0.008770828665592425
38 19 0.014809698848082108
38 20 0.030422683663811803
38 21 0.053716370760628795
38 22 0.08454366914699829
38 23 0.10846378061916735
38 24 0.13927691443108983
38 25 0.17589598460872777
38 26 0.2137481420460196
38 27 0.2724473166609065
38 28 0.42288161877238745
38 29 0.6508746385111616
38 30 0.7093673148464119
38 31 0.7649873962678546
38 32 0.8462698881309605
38 33 0.8514864402038486
38 34 0.9207000408554422
38 35 0.987645683524313
38 36 1.023409999640183
38 37 1.140823405325228
38 38 1.160796370481103
38 39 1.2436836318025961
38 40 1.3245331930114304
39 0 5.608063340757255e-10
39 1 1.0271757347556363e-09
39 2 1.9059892200038586e-09
39 3 2.28803497621631e-09
39 4 4.168612659122973e-09
39 5 1.3280980008390067e-08
39 6 2.904845762532394e-08
39 7 3.315038099724987e-08
39 8 5.506951085714774e-08
39 9 1.2348264039584137e-06
39 10 6.029681769634877e-05
39 11 7.585875607333132e-05
39 12 9.813825679432922e-05
39 13 0.0003753051802140288
39 14 0.00029424577980561233
39 15 0.000620394930481706
39 16 0.0016052255677917614
39 17 0.003651404715393671
39 18 0.007244264056889625
39 19 0.01374199886485272
39 20 0.02705254866937289
39 21 0.05226367284306873
39 22 0.07983931509215962
39 23 0.10561770320301725
39 24 0.13150888042093145
39 25 0.1706175403034642
39 26 0.21783115622047008
39 27 0.268368522629204
39 28 0.4019723455045716
39 29 0.680491654584752
39 30 0.7240789314696854
39 31 0.7769879590633622
39 32 0.8043480921846271
39 33 0.8963715168449234
39 34 0.9414721347036517
39 35 0.9970251099028555
39 36 1.041332774683167
39 37 1.1104797060278626
39 38 1.1777895713265767
39 39 1.285826040568045
39 40 1.3778905388364584
40 0 6.7359550142195e-10
40 1 1.5162966689449633e-09
40 2 2.3383999875759314e-09
40 3 2.334949329294535e-09
40 4 5.070104801943533e-09
40 5 9.520341984887336e-09
40 6 1.625801961552223e-08
40 7 3.0326211798322346e-08
40 8 6.400865012744658e-08
40 9 1.909637864714305e-05
40 10 3.9708914291184943e-05
40 11 3.762418496030373e-05
40 12 2.603012328768354e-06
40 13 0.0002233444405004815
40 14 0.0003126065664652189
40 15 0.0008569089517339904
40 16 0.0017778170411908508
40 17 0.0035334178491241396
40 18 0.006219604195485249
40 19 0.012469737195821475
40 20 0.02404171116263002
40 21 0.046200125217395124
40 22 0.07590682400265034
40 23 0.1023591029451642
40 24 0.1324973500750988
40 25 0.16621787364844598
40 26 0.20947330352490376
40 27 0.26453448338640717
40 28 0.37748186239937115
40 29 0.6743210003236515
40 30 0.7045420269737303
40 31 0.7949807963053257
40 32 0.8023165268723207
40 33 0.8825699325222296
40 34 0.9383390450203694
40 35 0.997802830898508
40 36 1.049581603945375
40 37 1.1266160726570051
40 38 1.1792905918209176
40 39 1.2673741797000742
40 40 1.3175016957464825
41 0 7.871029592736483e-10
41 1 1.6269344036392934e-09
41 2 2.3102142870805987e-09
41 3 2.960730360462173e-09
41 4 5.324047084715501e-09
41 5 1.21554806526292e-08
41 6 1.82965104337212e-08
41 7 4.103682113823255e-08
41 8 7.45291075457777e-08
41 9 9.21440809977759e-08
41 10 5.292795663556492e-07
41 11 2.2179270119045894e-05
41 12 9.900786704006467e-05
41 13 8.510378281638486e-05
41 14 0.0003084754205525031
41 15 0.0008657058999419476
41 16 0.001492814809742649
41 17 0.0026851831819660935
41 18 0.0060541941087196155
41 19 0.011854541715790983
41 20 0.023574663021005846
41 21 0.04513549770421489
41 22 0.07288768323776487
41 23 0.10188050870266929
41 24 0.13158131049119837
41 25 0.16297143708928125
41 26 0.20800039697599454
41 27 0.2569079269929929
41 28 0.3545275165163788
41 29 0.6680725710952115
41 30 0.716513764133265
41 31 0.7385702291586991
41 32 0.8257408191399878
41 33 0.8586798943460228
41 34 0.9254327733244063
41 35 0.9828676396635023
41 36 1.072209722067577
41 37 1.119948700664283
41 38 1.1677505677567794
41 39 1.2329978130402621
41 40 1.3554090139312367
42 0 9.329501488474e-10
42 1 2.079855154351554e-09
42 2 2.52054088467495e-09
42 3 4.812395402703711e-09
42 4 6.1020096957600405e-09
42 5 1.8089827059864404e-08
42 6 1.6614349198510576e-08
42 7 3.393110624398513e-08
42 8 6.993454600485668e-08
42 9 1.7079280831363962e-05
42 10 4.3850081449941836e-07
42 11 1.6036073257575482e-05
42 12 8.896043617015928e-05
42 13 0.0001719923984625499
42 14 0.00022571136635140946
42 15 0.0006497975335794741
42 16 0.001481361237383854
42 17 0.0026340918843709123
42 18 0.005620407416228084
42 19 0.012933126316504203
42 20 0.023470629647438505
42 21 0.04394493826034293
42 22 0.07462468783586163
42 23 0.10061509657958168
42 24 0.12899857070007387
42 25 0.16030123688425743
42 26 0.20182905758989408
42 27 0.25046651798112063
42 28 0.34893158572810606
42 29 0.6661141006686674
42 30 0.7281034388426012
42 31 0.7563971066798505
42 32 0.8051574149537039
42 33 0.8944997926421498
42 34 0.9128997525714909
42 35 1.0052547169804231
42 36 1.037496351661689
42 37 1.1398166607942732
42 38 1.2049890388366196
42 39 1.2557447486626236
42 40 1.3074262445958376
43 0 1.0234366924345541e-09
43 1 2.752872257103006e-09
43 2 2.9377859027635153e-09
43 3 4.699278724444097e-09
43 4 5.1734466506155915e-09
43 5 1.6861912854816228e-08
43 6 1.88103579058553e-08
43 7 7.129183061636562e-08
43 8 7.018302013016945e-08
43 9 2.698526249842805e-07
43 10 4.0598910296708597e-07
43 11 6.195992317394225e-07
43 12 5.8543614072576776e-05
43 13 4.9947548582690946e-05
43 14 0.00020970423508872256
43 15 0.0006910645967066189
43 16 0.001213361903266991
43 17 0.0027003665096511395
43 18 0.005334529186134656
43 19 0.010624363183983429
43 20 0.022992039188440633
43 21 0.042811544378034944
43 22 0.07170709343863621
43 23 0.09690100543431779
43 24 0.12104324023434747
43 25 0.1611581701665071
43 26 0.19747971868643371
43 27 0.24479620431912236
43 28 0.3408901066372986
43 29 0.6756786548153062
43 30 0.7267969314145148
43 31 0.7789042142892135
43 32 0.8172146680837965
43 33 0.8890868725172855
43 34 0.9306577546773745
43 35 1.0062911516370758
43 36 1.0702266063984593
43 37 1.1599996006542155
43 38 1.1836282528042361
43 39 1.2533236165316757
43 40 1.3322230817547158
44 0 1.2033384366372788e-09
44 1 2.4311202522142693e-09
44 2 3.3594595388944383e-09
44 3 5.600979042902899e-09
44 4 5.39514503365924e-09
44 5 9.707526046957428e-09
44 6 6.753501281240893e-07
44 7 3.673422204395882e-08
44 8 3.3022464719827286e-07
44 9 2.550053205444926e-06
44 10 4.577363033702918e-06
44 11 7.325222527859509e-05
44 12 8.207350144850235e-05
44 13 4.0513843415946346e-05
44 14 0.00023048724750302698
44 15 0.0006128776929055467
44 16 0.0015623266429946106
44 17 0.0033191481771845752
44 18 0.005007334351805824
44 19 0.011491044897974251
44 20 0.020976270131914034
44 21 0.04182349476387151
44 22 0.07254276734414887
44 23 0.09732106696475123
44 24 0.12748987199936027
44 25 0.154708230487231
44 26 0.1939757753561948
44 27 0.2401525438452688
44 28 0.3288514727009929
44 29 0.6608719876605615
44 30 0.7008870691130785
44 31 0.7574279660289127
44 32 0.8077150128163083
44 33 0.8747567100496337
44 34 0.9211044201202174
44 35 1.0018504197545948
44 36 1.077443780070191
44 37 1.122010157794388
44 38 1.1783769438040177
44 39 1.2568656687338018
44 40 1.3079607510594855
45 0 1.446426518425214e-09
45 1 3.0268233400487103e-09
45 2 4.131422367296205e-09
45 3 5.01779893644537e-09
45 4 1.1227980326754156e-08
45 5 1.553109297745733e-08
45 6 1.909012032068268e-08
45 7 4.211128453835151e-08
45 8 8.215288069555864e-08
45 9 1.4173160697352892e-07
45 10 2.5840261307968688e-05
45 11 7.319067229038208e-05
45 12 6.096074370561795e-05
45 13 0.00014472069670962482
45 14 0.00044179500447899544
45 15 0.0005999020666207173
45 16 0.0015970966487514299
45 17 0.002858266834007892
45 18 0.006168132711693549
45 19 0.010306688348707842
45 20 0.022313971675225752
45 21 0.040168504069766804
45 22 0.07009849426747178
45 23 0.097473004387769
45 24 0.12429388248815579
45 25 0.15988744509027256
45 26 0.18995195981256513
45 27 0.2376327525903651
45 28 0.3201030538331811
45 29 0.6632110881213895
45 30 0.7133495484193835
45 31 0.7542209117653093
45 32 0.8253837163233891
45 33 0.857100525596
45 34 0.9201223015876773
45 35 0.9959167132275184
45 36 1.0644101738871719
45 37 1.1097323029424202
45 38 1.1944547193405783
45 39 1.2748319556367071
45 40 1.3035230599688803
46 0 1.5654039999619648e-09
46 1 3.4076369453570665e-09
46 2 4.800906551937184e-09
46 3 7.0649693117514605e-09
46 4 7.090499838975162e-09
46 5 1.0738449565468491e-08
46 6 1.0592327239507505e-07
46 7 3.5470219178453596e-08
46 8 6.921652746481553e-08
46 9 1.1896756624129523e-07
46 10 4.675764724341704e-07
46 11 8.981299098552848e-07
46 12 5.18272553662052e-05
46 13 0.00011530093024077736
46 14 0.0002889450916720392
46 15 0.0007730783824375579
46 16 0.0015827308548318148
46 17 0.002856530275854763
46 18 0.005663150592513469
46 19 0.01206151583473995
46 20 0.0230399903740077
46 21 0.043498043404126
46 22 0.06990365530685318
46 23 0.09874951522047566
46 24 0.120846996126816
46 25 0.15499713011796137
46 26 0.18975581560330596
46 27 0.2442565920704692
46 28 0.31973048709543556
46 29 0.6517123866381728
46 30 0.7077237241883942
46 31 0.7658108605519177
46 32 0.8303199436492102
46 33 0.8952622474994357
46 34 0.9671585883536625
46 35 0.9987955313469702
46 36 1.0538660211428488
46 37 1.1123303971884146
46 38 1.2025868259839843
46 39 1.251076363807143
46 40 1.3286307672073998
47 0 1.991883680177214e-09
47 1 3.857436717338199e-09
47 2 5.2162141242522695e-09
47 3 6.673528980130313e-09
47 4 7.794577505119914e-09
47 5 1.3505962532951284e-08
47 6 2.0808226813443365e-08
47 7 3.940857009842822e-08
47 8 6.735440356545334e-08
47 9 1.578785094688344e-07
47 10 3.669303818679363e-07
47 11 5.999707372140606e-05
47 12 6.099953016292824e-05
47 13 0.0001725096778593667
47 14 0.0002134139855412906
47 15 0.0004076993858262419
47 16 0.001329156999631333
47 17 0.0031423330974062005
47 18 0.005830874532011649
47 19 0.01188128522480038
47 20 0.02335993918334971
47 21 0.041594564074587705
47 22 0.07127571435556493
47 23 0.09397248700539061
47 24 0.12284462066623125
47 25 0.15240119876191432
47 26 0.19346042708518604
47 27 0.242392154682945
47 28 0.32908129239215306
47 29 0.6364647013637137
47 30 0.7018978406343065
47 31 0.7271517644508251
47 32 0.8160243139074033
47 33 0.8595127302490593
47 34 0.9424595054875823
47 35 1.0046122747027835
47 36 1.0513860441005431
47 37 1.1201701296707345
47 38 1.1643365357197042
47 39 1.2587657487934902
47 40 1.2969647952969585
48 0 2.1055340105815313e-09
48 1 4.6254224503992535e-09
48 2 6.022593549958924e-09
48 3 7.13513335470954e-09
48 4 8.734497142905865e-09
48 5 1.5722917678540228e-08
48 6 2.6461333102190142e-08
48 7 3.910537605103799e-08
48 8 7.322592816152122e-08
48 9 1.7288167326354766e-05
48 10 5.712334494737121e-07
48 11 2.2626281797105548e-05
48 12 4.342998311756487e-05
48 13 0.0001907596569484589
48 14 0.0005736791672235563
48 15 0.0008813014919225757
48 16 0.0016497689647564915
48 17 0.0030017986695916265
48 18 0.005285495706749981
48 19 0.012331283450185387
48 20 0.021888438414292964
48 21 0.0467216252750638
48 22 0.07322688651836029
48 23 0.09893759943297659
48 24 0.12624620915568377
48 25 0.15424352100011224
48 26 0.18974886426223703
48 27 0.24270268761513325
48 28 0.3309675979126082
48 29 0.639863769387122
48 30 0.7167366483840858
48 31 0.7848337304266355
48 32 0.8199779950177019
48 33 0.8719871743478541
48 34 0.9520179727779178
48 35 1.0028490617169803
48 36 1.1036825383005642
48 37 1.1479904407336579
48 38 1.205291670388991
48 39 1.250226709786767
48 40 1.2738366893625892
49 0 2.4629397697739197e-09
49 1 5.134011393434843e-09
49 2 6.4094797488652004e-09
49 3 7.95481891716635e-09
49 4 9.146716963574928e-09
49 5 1.6589210671780594e-08
49 6 6.567530146154143e-08
49 7 3.8692751417971496e-08
49 8 8.304432943367802e-08
49 9 1.975690225483564e-06
49 10 3.421718117766231e-06
49 11 2.389353704754502e-05
49 12 8.740658629359706e-05
49 13 0.00014111227947877285
49 14 0.00036468239562706856
49 15 0.0008469652300179685
49 16 0.0018651328613859966
49 17 0.0029936942215553894
49 18 0.006430483376249512
49 19 0.013557200051487507
49 20 0.023626705410152767
49 21 0.04352633240185165
49 22 0.07391815789064123
49 23 0.10277010619448436
49 24 0.12225748205685887
49 25 0.15776731528479254
49 26 0.19001189861366777
49 27 0.24437290672063372
49 28 0.3359660894197921
49 29 0.6268122800029442
49 30 0.6940331952034993
49 31 0.759203007074432
49 32 0.818304633463559
49 33 0.8705204568542813
49 34 0.9361729267899417
49 35 0.9905277506845447
49 36 1.056408306637991
49 37 1.1320338590823558
49 38 1.18474451377934
49 39 1.2730047908503392
49 40 1.3362501473419333
50 0 2.8618775236525258e-09
50 1 5.8325750755006955e-09
50 2 7.412537399638585e-09
50 3 8.258691974547445e-09
50 4 9.796073165386357e-09
50 5 1.3196026841131258e-08
50 6 2.6251858634213306e-08
50 7 7.713580124854304e-08
50 8 7.348742976796172e-08
50 9 1.05441470295448e-07
50 10 3.4646699748150717e-07
50 11 8.35869994248174e-05
50 12 9.634958465602032e-05
50 13 0.00025825547954884723
50 14 0.0005364475981841993
50 15 0.0011362464127715089
50 16 0.0015771737479396732
50 17 0.0037091844696834292
50 18 0.006425414623841422
50 19 0.013263043239420659
50 20 0.024919448689761637
50 21 0.047971240251881285
50 22 0.07629664684910904
50 23 0.09962411206123455
50 24 0.12325789845266516
50 25 0.16025157489956818
50 26 0.19296441820623572
50 27 0.24185965229720305
50 28 0.33831149261782895
50 29 0.618551285654259
50 30 0.7004070295826639
50 31 0.7639212701142529
50 32 0.8131703492993005
50 33 0.8774404726732368
50 34 0.9438192285528215
50 35 1.0100965358944023
50 36 1.0412213952300238
50 37 1.1434164443113704
50 38 1.2196930127503551
50 39 1.2125732372881577
50 40 1.3293463953754454
51 0 2.8532179860644423e-09
51 1 6.711027372584234e-09
51 2 8.472507646194812e-09
51 3 8.767873904900138e-09
51 4 1.0786052768639442e-08
51 5 1.552652858654185e-08
51 6 3.100190946006918e-08
51 7 4.846203045541788e-08
51 8 9.740536242549089e-08
51 9 1.6023827846082564e-07
51 10 1.6633239899729474e-05
51 11 5.989849160169297e-05
51 12 8.66963160698916e-05
51 13 0.00011250400731738265
51 14 0.00041977897953695376
51 15 0.0013808884981200515
51 16 0.0023886562836333658
51 17 0.0041058237621074195
51 18 0.007995534000096251
51 19 0.014837563624026549
51 20 0.02770407129008213
51 21 0.05177219243652329
51 22 0.0780706698735049
51 23 0.10398765634878274
51 24 0.12751365728528605
51 25 0.1589695500618104
51 26 0.20090443323492096
51 27 0.2541515162104173
51 28 0.3440584174130056
51 29 0.6455669539502206
51 30 0.7169857443738008
51 31 0.7701367100492861
51 32 0.8260814136688026
51 33 0.8713257411257309
51 34 0.9371481475614531
51 35 1.0007886872411837
51 36 1.0612886275278006
51 37 1.1055176861815086
51 38 1.181153545478518
51 39 1.2276023640135763
51 40 1.318448498932682
52 0 3.2049073131285237e-09
52 1 7.48525568302086e-09
52 2 8.95354259448771e-09
52 3 1.0749075016904506e-08
52 4 1.1729589481604757e-08
52 5 1.551823565024473e-08
52 6 2.775950219867419e-08
52 7 9.334010021687529e-08
52 8 7.560354123393933e-08
52 9 5.532526325105045e-05
52 10 5.956566813462867e-06
52 11 5.4268828624847756e-05
52 12 0.0001174426516831494
52 13 0.00014472505526754077
52 14 0.0005547060006252886
52 15 0.0011721238410781823
52 16 0.0026390401477302716
52 17 0.004652899256579584
52 18 0.009456996130196259
52 19 0.01628383132280843
52 20 0.033196323166917355
52 21 0.05608464856793089
52 22 0.0813307692346025
52 23 0.1070628442040239
52 24 0.13508028106270054
52 25 0.16254243681811012
52 26 0.19999829759685359
52 27 0.25133394684258986
52 28 0.36756501702556943
52 29 0.693088970114311
52 30 0.7177675950634167
52 31 0.7709958079384058
52 32 0.8249620921774491
52 33 0.8717494781618883
52 34 0.9446018416327538
52 35 0.9873695964153343
52 36 1.0689795366325696
52 37 1.149122457501132
52 38 1.1721213938050437
52 39 1.2373636204038085
52 40 1.2975718186014913
53 0 3.858121896148665e-09
53 1 8.027576660325812e-09
53 2 9.989140751061634e-09
53 3 1.157051107547164e-08
53 4 1.2662707632317584e-08
53 5 1.1106308218315178e-07
53 6 3.0488534091306565e-08
53 7 3.711051328855886e-08
53 8 6.310481863309659e-08
53 9 5.441164348451051e-05
53 10 4.365763836480055e-05
53 11 0.00010428966786963852
53 12 0.00024693857317721667
53 13 0.0002948643381686654
53 14 0.0006212053230382329
53 15 0.0014500036833634293
53 16 0.0023928634577098412
53 17 0.005742002949836295
53 18 0.010688390587619423
53 19 0.019956762627925083
53 20 0.038071922586200006
53 21 0.06269814360594723
53 22 0.08759935649693977
53 23 0.10680690380434425
53 24 0.1318306177747104
53 25 0.16206827822226946
53 26 0.2000704003036994
53 27 0.25853452096845997
53 28 0.36554169281501725
53 29 0.6699923157439305
53 30 0.718972267251917
53 31 0.7679688312459906
53 32 0.7965376094902181
53 33 0.8712761015504691
53 34 0.9331728670892077
53 35 1.0272251941880017
53 36 1.0718222792612073
53 37 1.0936687151175037
53 38 1.2149726919296362
53 39 1.2556210989690961
53 40 1.333763522598959
54 0 4.194162426487833e-09
54 1 9.194721667153734e-09
54 2 1.120137456078023e-08
54 3 1.2548434598468509e-08
54 4 1.2969800787938227e-08
54 5 1.7159752517150553e-08
54 6 2.7287701182033366e-08
54 7 4.4881950075900156e-08
54 8 6.805579761203578e-08
54 9 1.1927470340737983e-07
54 10 7.805155696511594e-05
54 11 0.00012362869169750608
54 12 0.0001731594846563271
54 13 0.00039863751887181544
54 14 0.0008436706847657231
54 15 0.0018881650320681303
54 16 0.004095252748429027
54 17 0.006772014919414579
54 18 0.012760906135797383
54 19 0.023728252864247082
54 20 0.044422043277016654
54 21 0.07026239359111283
54 22 0.08585884947899663
54 23 0.1109053184523836
54 24 0.13658780906976087
54 25 0.16341819259118556
54 26 0.20661392246369067
54 27 0.2737892129292114
54 28 0.3830272639642048
54 29 0.6679243992300411
54 30 0.6943496796787088
54 31 0.7832054026849661
54 32 0.8410650796969956
54 33 0.8910278953006943
54 34 0.9325060965693658
54 35 1.0068679191867735
54 36 1.043882203296486
54 37 1.1360042199941232
54 38 1.2132657150119688
54 39 1.2666136141238915
54 40 1.3340755788034457
55 0 4.285970211523275e-09
55 1 9.890324702571695e-09
55 2 1.26208652420124e-08
55 3 1.3740157175783212e-08
55 4 1.4628261176218772e-08
55 5 2.0495639565221947e-08
55 6 2.520930000398391e-08
55 7 1.1738342087481829e-07
55 8 5.835082272043447e-06
55 9 3.776751365965275e-05
55 10 5.34447566419115e-05
55 11 0.0002073965434405982
55 12 0.00027002833231477185
55 13 0.0005213628043232578
55 14 0.0014585539405731858
55 15 0.002177817095765163
55 16 0.003976958074389332
55 17 0.008439723921283171
55 18 0.01662870520797187
55 19 0.03197884261184047
55 20 0.051136182777147265
55 21 0.06957515820010958
55 22 0.09075604863835676
55 23 0.11135867360384814
55 24 0.13699371528122153
55 25 0.1669288486586461
55 26 0.2115951241844633
55 27 0.27240586559947316
55 28 0.3890561378511221
55 29 0.6498139513602913
55 30 0.7084348082392957
55 31 0.7827031930224055
55 32 0.8162171307634158
55 33 0.8962067238459731
55 34 0.915364059510067
55 35 0.989969773891563
55 36 1.0529705693863467
55 37 1.1172414834768052
55 38 1.183122589318668
55 39 1.2697131265635435
55 40 1.3136307797370061
56 0 5.19679301803612e-09
56 1 1.1024474019158408e-08
56 2 1.3466207685493222e-08
56 3 1.4791549874733535e-08
56 4 1.7126997217384326e-08
56 5 2.4313299336697185e-08
56 6 2.7516848750979327e-08
56 7 1.776140090729736e-05
56 8 4.771764940446854e-06
56 9 4.87705158698511e-06
56 10 0.0001259813684866435
56 11 0.00019974817756209448
56 12 0.00029327004998621475
56 13 0.0006993950778929178
56 14 0.0013272029553592212
56 15 0.0027338691747761986
56 16 0.005229490089859917
56 17 0.010160572047011457
56 18 0.01831381396942316
56 19 0.03646123829997235
56 20 0.05630853951618585
56 21 0.07228164703632878
56 22 0.09563287405719186
56 23 0.11434644129060173
56 24 0.144928742408564
56 25 0.17409065917284333
56 26 0.21612806860886868
56 27 0.2816283769102746
56 28 0.4030276603517085
56 29 0.671621462437451
56 30 0.6917642680842339
56 31 0.7782979817388327
56 32 0.8074585831457366
56 33 0.8741858818472327
56 34 0.9275747330422218
56 35 0.9987776135664517
56 36 1.0501452112470913
56 37 1.146529793262059
56 38 1.1720038963720096
56 39 1.3143403858653149
56 40 1.3585195572150217
57 0 5.012439151773379e-09
57 1 1.2365498952741586e-08
57 2 1.4876949859498367e-08
57 3 1.6563071507596213e-08
57 4 2.0268839994110262e-08
57 5 1.5846225753214212e-05
57 6 3.78580984970896e-08
57 7 6.89783693264512e-08
57 8 3.075168325923039e-05
57 9 4.890520182971426e-05
57 10 4.4138301101012596e-05
57 11 0.00015915325803600875
57 12 0.0004712287516653565
57 13 0.0009879809534448817
57 14 0.0016111465429340093
57 15 0.0033752080451637644
57 16 0.006991394011385517
57 17 0.012015638172294965
57 18 0.023158398457785712
57 19 0.04147727873134808
57 20 0.060661924845649626
57 21 0.07840087198755406
57 22 0.09970583212045907
57 23 0.1204736833894606
57 24 0.14403866244745692
57 25 0.1771765896583283
57 26 0.2231122815043134
57 27 0.2904257521583077
57 28 0.4362807506796469
57 29 0.6604516147175485
57 30 0.7062009150271817
57 31 0.771218286204793
57 32 0.802795569993801
57 33 0.8671062540397455
57 34 0.9248120055849338
57 35 0.9799178354677477
57 36 1.0725193343542263
57 37 1.1200263959624706
57 38 1.1750515551248226
57 39 1.253345419041395
57 40 1.3084372191110427
58 0 6.245469556670253e-09
58 1 1.3313742371500159e-08
58 2 1.6540084383533972e-08
58 3 1.7100793941633272e-08
58 4 1.9257630056198244e-08
58 5 2.9210552860375005e-08
58 6 3.422076354043121e-08
58 7 3.837220510550653e-06
58 8 6.40684268551545e-05
58 9 3.3981813923259674e-05
58 10 0.00016445374481322664
58 11 0.00021328314294300922
58 12 0.0006593603227745087
58 13 0.001250839126686999
58 14 0.0024030268430831133
58 15 0.004373020923916564
58 16 0.007672992376577089
58 17 0.01457032095885402
58 18 0.029558069718874595
58 19 0.047852957819073956
58 20 0.06344012946935682
58 21 0.08183923761700568
58 22 0.09901400893995432
58 23 0.11979580310360846
58 24 0.15009170540811897
58 25 0.1789050557843622
58 26 0.23319318438012032
58 27 0.29048759585698924
58 28 0.5203937047304821
58 29 0.644799502919525
58 30 0.6980100390083955
58 31 0.7707348131153658
58 32 0.8200908653204338
58 33 0.9204658542501621
58 34 0.9597596246311174
58 35 0.9741504130108937
58 36 1.0604432314463152
58 37 1.1570307894142493
58 38 1.1681854063848804
58 39 1.2471511181318329
58 40 1.345896978316597
59 0 7.063089316244794e-09
59 1 1.4537391541719687e-08
59 2 1.8208117536515408e-08
59 3 2.4829103620581144e-08
59 4 2.092445838182574e-08
59 5 2.846975272345514e-06
59 6 7.318385859217229e-08
59 7 1.4706032852703999e-07
59 8 2.9711338763177243e-05
59 9 2.622852392019642e-05
59 10 0.00020065085309249335
59 11 0.00038970157582296955
59 12 0.0006796284568357271
59 13 0.001468856894282937
59 14 0.002904931839897547
59 15 0.005226179855866583
59 16 0.00989213857059077
59 17 0.018786176839181126
59 18 0.03438687452653502
59 19 0.05119305653518937
59 20 0.06774067579915488
59 21 0.08501381576267725
59 22 0.10121315784964613
59 23 0.12394745335917298
59 24 0.14733473076078593
59 25 0.17758752401344716
59 26 0.2306995812556468
59 27 0.3104643221286226
59 28 0.6017238591821661
59 29 0.6542817344454017
59 30 0.711534066169326
59 31 0.7480312699346974
59 32 0.8588067420054487
59 33 0.8755503371168172
59 34 0.9464839555557386
59 35 0.9903913744231335
59 36 1.0495191003100817
59 37 1.126362164330843
59 38 1.1923427733734182
59 39 1.2553092148379197
59 40 1.3099628089310968
60 0 7.232931961444345e-09
60 1 1.5957630299699415e-08
60 2 1.8527978558360398e-08
60 3 2.202491687372214e-08
60 4 2.7395147468973845e-08
60 5 6.552343474681501e-06
60 6 2.1519936268763783e-05
60 7 1.808657555573332e-05
60 8 3.9366235032650144e-05
60 9 0.00010857370806085557
60 10 0.0002388165367452831
60 11 0.0004065940612678342
60 12 0.0011261071101288133
60 13 0.0015904692487011187
60 14 0.0033617237608783426
60 15 0.006435465864922381
60 16 0.011691556468139951
60 17 0.022060716525427227
60 18 0.03914700046958753
60 19 0.0553983064432965
60 20 0.06868753124006732
60 21 0.08670779984081432
60 22 0.10811270104203659
60 23 0.12933860626915133
60 24 0.15897801695107533
60 25 0.19557891988168857
60 26 0.23866010093786794
60 27 0.3158252488823986
60 28 0.5990385493704223
60 29 0.6518925488939713
60 30 0.6997293126538476
60 31 0.7346946043445626
60 32 0.8242324758335849
60 33 0.8681957247153943
60 34 0.9515534936813203
60 35 0.9931142747080143
60 36 1.0432362264880035
60 37 1.1530627226476953
60 38 1.1922190046675605
60 39 1.2612845940119155
60 40 1.326002950126683
61 0 7.673353470129073e-09
61 1 1.7242243572579063e-08
61 2 2.1434796747488875e-08
61 3 2.441346474696822e-08
61 4 2.8889911121870744e-08
61 5 3.1645839237280374e-08
61 6 3.549497632295806e-05
61 7 5.508087443709134e-06
61 8 3.8199245194258206e-05
61 9 0.00012584294241548311
61 10 0.000273115716860386
61 11 0.000534148024024805
61 12 0.0014526725078566048
61 13 0.002365366427302521
61 14 0.004585383500798349
61 15 0.00805412065384981
61 16 0.014315655597822155
61 17 0.027201282731871636
61 18 0.044002992344962695
61 19 0.057726385258696916
61 20 0.07326215710974383
61 21 0.09090975634086938
61 22 0.10638712114608197
61 23 0.1340491349778055
61 24 0.16027425321192348
61 25 0.1910260967414283
61 26 0.24778111835967903
61 27 0.35015551037128906
61 28 0.6068584745100175
61 29 0.65014632447239
61 30 0.7332656942020931
61 31 0.7466325934153423
61 32 0.8132912322281827
61 33 0.8893153466370306
61 34 0.943270266082976
61 35 1.010434706547568
61 36 1.0388867912676343
61 37 1.1396903680640504
61 38 1.2197605406347587
61 39 1.2858670611614549
61 40 1.3211629865683625
62 0 9.22291418061387e-09
62 1 1.928729098756837e-06
62 2 2.5037231202940242e-08
62 3 2.439003660236132e-08
62 4 9.941110758907987e-08
62 5 1.2093752277284617e-06
62 6 2.5458710034069083e-05
62 7 3.1802701644025485e-05
62 8 0.00010486478226609044
62 9 0.0001051130812359511
62 10 0.00040927040960365903
62 11 0.0007454403709641779
62 12 0.0015452310271331195
62 13 0.0029115974793441387
62 14 0.005053243038467836
62 15 0.009479570837615133
62 16 0.02016853355620622
62 17 0.031276955967209884
62 18 0.04677111431484235
62 19 0.0603447345564788
62 20 0.07753724710787928
62 21 0.09071556903974759
62 22 0.1109276603203309
62 23 0.13675579648696787
62 24 0.16435291409396902
62 25 0.20279300539520165
62 26 0.2553395945140325
62 27 0.37194015367369904
62 28 0.5901870648164393
62 29 0.6680841520023523
62 30 0.7065661201225406
62 31 0.7639132003498272
62 32 0.8025549276495051
62 33 0.8875448233006429
62 34 0.9209291042504112
62 35 1.0073361037575648
62 36 1.0535768007994273
62 37 1.1177403001050619
62 38 1.2244279591216098
62 39 1.242455442786534
62 40 1.3298216527647893
63 0 8.960307902817516e-09
63 1 3.6864766078321065e-08
63 2 2.7006035425645774e-08
63 3 2.848503389433189e-08
63 4 1.0788132265867715e-05
63 5 1.173370460963044e-05
63 6 4.728083554025094e-05
63 7 5.257025807455484e-05
63 8 0.00010141754227474646
63 9 0.00027495181650024464
63 10 0.000702551181927371
63 11 0.000871227951673522
63 12 0.0017289420784871255
63 13 0.0039479431799392456
63 14 0.006332200004206009
63 15 0.013359965277081437
63 16 0.022938542106567077
63 17 0.03846699113472261
63 18 0.04989932300540063
63 19 0.06436084354976664
63 20 0.07755998694005738
63 21 0.09203983169157602
63 22 0.1158540678731922
63 23 0.13703361952139495
63 24 0.16502701259473349
63 25 0.20835099123254203
63 26 0.27060376504601324
63 27 0.42505031055311465
63 28 0.6093254080825417
63 29 0.6714581729155323
63 30 0.7028169413366714
63 31 0.7664724410972211
63 32 0.7953583923845942
63 33 0.8681256623814152
63 34 0.9365507538688087
63 35 1.005710745705984
63 36 1.0495784341880194
63 37 1.116429978609423
63 38 1.2002688362324787
63 39 1.2356127880850791
63 40 1.296108991380608
64 0 9.499835211387405e-09
64 1 2.1555800213581916e-08
64 2 2.6956800346006084e-08
64 3 2.927577533567337e-08
64 4 3.670776599805078e-08
64 5 2.7165547200821245e-06
64 6 3.595043581121763e-05
64 7 3.687787021285187e-05
64 8 0.00016300812559268487
64 9 0.0002717312724336417
64 10 0.0006202162132576351
64 11 0.001189820835652233
64 12 0.0024785273824333882
64 13 0.004483666877653397
64 14 0.00872275884509008
64 15 0.01662100147907916
64 16 0.02721482882935728
64 17 0.04025368454189103
64 18 0.05210232691032836
64 19 0.0670691996097054
64 20 0.08043338927900003
64 21 0.09854817479061043
64 22 0.11830016027052097
64 23 0.13836083732244897
64 24 0.17417774117670892
64 25 0.20950995495814068
64 26 0.2746139093799102
64 27 0.5217958304583707
64 28 0.6113674087068611
64 29 0.6614882270638156
64 30 0.6999174952057083
64 31 0.7618909967327179
64 32 0.8203129131995148
64 33 0.8943570613679869
64 34 0.9394486080594132
64 35 1.0120853400907095
64 36 1.0363768694380773
64 37 1.1102359802310273
64 38 1.1898528750553112
64 39 1.2265468985040775
64 40 1.3247673122772015
65 0 1.1046631089645594e-08
65 1 2.5540079110304807e-08
65 2 2.8403662837698124e-08
65 3 3.2851613272919886e-08
65 4 4.776834821688638e-08
65 5 1.3618629381082525e-05
65 6 7.619026759470391e-05
65 7 0.00011020327037737971
65 8 0.00012492780269162643
65 9 0.0004103079361954725
65 10 0.0007009451961987118
65 11 0.0018121634406125554
65 12 0.002743357712601191
65 13 0.005737960408066594
65 14 0.010696153505972658
65 15 0.019817886847992575
65 16 0.03064478276475428
65 17 0.043296967388715475
65 18 0.05473804143755751
65 19 0.06832426174380471
65 20 0.08398138757398277
65 21 0.10019663504232727
65 22 0.12313857234714451
65 23 0.1444300084363487
65 24 0.17626679846466028
65 25 0.21862312593292535
65 26 0.30383627245100153
65 27 0.556034693480661
65 28 0.6053093833558932
65 29 0.6662340768181886
65 30 0.7279048938083377
65 31 0.7766731620606715
65 32 0.8135464029015514
65 33 0.8698567796210857
65 34 0.9457916322687061
65 35 0.9966507302176224
65 36 1.0658727296875756
65 37 1.1381457388862066
65 38 1.2302933727880399
65 39 1.2471284020992677
65 40 1.309974948083668
66 0 2.65552691319038e-07
66 1 2.4544994638711246e-08
66 2 3.966148774205538e-08
66 3 3.934474655454001e-08
66 4 5.2080247386358936e-06
66 5 6.254635448991674e-06
66 6 2.056253293378725e-05
66 7 8.254704922835563e-05
66 8 0.0002254360381760898
66 9 0.0003394469977176582
66 10 0.0010390158647104568
66 11 0.0017852946316102894
66 12 0.003419302153315883
66 13 0.007178387213208842
66 14 0.013682776362453103
66 15 0.024673467533200624
66 16 0.032895829950515265
66 17 0.045775197218953706
66 18 0.05733823527843516
66 19 0.07111524305815181
66 20 0.08497030933238184
66 21 0.10284815285650645
66 22 0.1280439004549281
66 23 0.1499379899239108
66 24 0.1816514245653073
66 25 0.23250891268774634
66 26 0.3299060698490552
66 27 0.5480450906200144
66 28 0.6025505237512009
66 29 0.6465129612664894
66 30 0.713684844963825
66 31 0.7706183411555232
66 32 0.8220434720428027
66 33 0.8843662465021167
66 34 0.9534242858314714
66 35 0.9972998774111209
66 36 1.0841138964064936
66 37 1.1120936445664091
66 38 1.212736477257755
66 39 1.2455026028178795
66 40 1.2943881688413017
67 0 1.1490523815094116e-08
67 1 4.048082068482818e-08
67 2 5.16021867277988e-08
67 3 3.67013223702052e-07
67 4 8.440712777315214e-06
67 5 1.3422336478500762e-05
67 6 6.912763053358753e-05
67 7 0.0001540004381355552
67 8 0.00033278890602587616
67 9 0.000506616279048762
67 10 0.0010356207897626677
67 11 0.0023533823838608
67 12 0.004771940602000104
67 13 0.00859647345696638
67 14 0.017213662301137488
67 15 0.026771296309535564
67 16 0.03667986373132534
67 17 0.048994005175021116
67 18 0.059761891167514944
67 19 0.07362447347357559
67 20 0.08741999282360112
67 21 0.10663566797929207
67 22 0.12161823437548046
67 23 0.15581140991951012
67 24 0.18851269884427196
67 25 0.24534377753782263
67 26 0.35395848489617987
67 27 0.5477870888558071
67 28 0.6275314044473487
67 29 0.6684492593540146
67 30 0.7027863238904276
67 31 0.7747767351199157
67 32 0.8161611118690709
67 33 0.8612267400814144
67 34 0.9340616128682244
67 35 1.0119805524843157
67 36 1.0587192097515992
67 37 1.1346877011125482
67 38 1.1836107366320823
67 39 1.220227792165117
67 40 1.2975609640184764
68 0 1.2147201772990908e-08
68 1 2.9116981140480827e-08
68 2 2.281767355306371e-06
68 3 3.821137482342528e-06
68 4 1.9666691895929196e-05
68 5 1.0637423715354883e-05
68 6 5.4009927702322715e-05
68 7 0.00021602246425982198
68 8 0.0003624959349403109
68 9 0.0006979906738733327
68 10 0.0013723012965920235
68 11 0.002802376833443567
68 12 0.005081320922694678
68 13 0.011429638824963768
68 14 0.020393962756972375
68 15 0.02847302507903396
68 16 0.039941016301407437
68 17 0.04928450667691311
68 18 0.06241120630118456
68 19 0.07373570444913669
68 20 0.08989611921938877
68 21 0.10882648186063563
68 22 0.12677234220820982
68 23 0.15984801117111275
68 24 0.19603193953090167
68 25 0.25972146248450784
68 26 0.42824199278951575
68 27 0.553867445676363
68 28 0.5989846558440871
68 29 0.6481359492340957
68 30 0.7156339760253062
68 31 0.767403992272061
68 32 0.8435641587633476
68 33 0.8891558378886059
68 34 0.9431525173890349
68 35 0.9919396458266224
68 36 1.0522618466460754
68 37 1.131176387338174
68 38 1.1995263283453355
68 39 1.278653783224079
68 40 1.333553988307807
69 0 1.3232124243402169e-08
69 1 3.6095814283420803e-06
69 2 6.2139242832126044e-06
69 3 9.577810726172165e-06
69 4 9.481254301282558e-06
69 5 3.6346719553702254e-05
69 6 7.027363631184398e-05
69 7 0.00012367557728504926
69 8 0.0004239898882492156
69 9 0.0008328511573315199
69 10 0.0017933506156176055
69 11 0.003632532541929036
69 12 0.0062262550780185395
69 13 0.012400428773615496
69 14 0.021956465285102717
69 15 0.030618176285447975
69 16 0.04173643739624358
69 17 0.051862258543907865
69 18 0.06363582572071619
69 19 0.07921194321223161
69 20 0.09502816886250422
69 21 0.11267046869006822
69 22 0.13160976319302545
69 23 0.15967046421400877
69 24 0.2090646185174517
69 25 0.280572886321545
69 26 0.5093991956293017
69 27 0.5611817368734648
69 28 0.6242195000078201
69 29 0.6570368394958267
69 30 0.7032041149778309
69 31 0.7618304329962895
69 32 0.8218290180968918
69 33 0.8841509190621173
69 34 0.9534740976227082
69 35 1.0068418747005798
69 36 1.0127236725059374
69 37 1.1166554799234856
69 38 1.2212695527639676
69 39 1.2652389503087051
69 40 1.3064676569721452
70 0 1.371761452798828e-08
70 1 3.5537185588857023e-06
70 2 1.5234493900691652e-06
70 3 6.240918661166931e-06
70 4 2.994009723952601e-05
70 5 2.824324777935534e-05
70 6 0.00010541393556944456
70 7 0.0002896812967652688
70 8 0.0005064506333034409
70 9 0.0009429813169480347
70 10 0.00207593181380659
70 11 0.003735986142952498
70 12 0.007080158807383968
70 13 0.014663865309687005
70 14 0.023576082593242367
70 15 0.03245643934069263
70 16 0.042994867409305436
70 17 0.05524262336120596
70 18 0.0676903013645666
70 19 0.08044957389899748
70 20 0.09387849047595145
70 21 0.11660707399943565
70 22 0.14006036732562607
70 23 0.16775459511217122
70 24 0.20931561444640148
70 25 0.31263049762027684
70 26 0.51903408738892
70 27 0.5510862192958074
70 28 0.6183270557694889
70 29 0.6745893712280236
70 30 0.7203822536546841
70 31 0.7736901156556271
70 32 0.8356814685395724
70 33 0.895359231916579
70 34 0.9426420256117038
70 35 0.9956258809875018
70 36 1.0328387770443805
70 37 1.1333383911256232
70 38 1.1428542497444156
70 39 1.2504651771606983
70 40 1.3335308773175814
71 0 1.4383662003542217e-08
71 1 3.644178432748152e-07
71 2 4.8211633964994855e-06
71 3 1.5427847370126564e-05
71 4 1.9753159595183574e-05
71 5 5.856433643171769e-05
71 6 0.0001321598601935751
71 7 0.00040206854272299957
71 8 0.0005505380638423792
71 9 0.0012659499779898978
71 10 0.002435349034438541
71 11 0.004290664836338003
71 12 0.008435397396773488
71 13 0.01565668685115239
71 14 0.024988220359895983
71 15 0.034552373827072
71 16 0.04493168177759387
71 17 0.056744268591313776
71 18 0.06834451700230769
71 19 0.0810415297247255
71 20 0.09914839316048224
71 21 0.11426805214588717
71 22 0.14602492643827072
71 23 0.1777802664957639
71 24 0.22855057503442922
71 25 0.3435419676226908
71 26 0.5046310252131488
71 27 0.5591699883802749
71 28 0.6188338289839229
71 29 0.6729964645126163
71 30 0.7099836244300392
71 31 0.7595031410386509
71 32 0.8242075895455395
71 33 0.9039453181010465
71 34 0.9263438116612706
71 35 1.001532104912624
71 36 1.0271766990549376
71 37 1.1178053303274107
71 38 1.151389051649824
71 39 1.2652866819940538
71 40 1.269372707990772
72 0 1.3605725264145434e-06
72 1 9.319592946077637e-08
72 2 1.1945241598067168e-06
72 3 2.498112861485287e-06
72 4 2.9481819366833027e-05
72 5 8.943107132791339e-05
72 6 9.56756708507354e-05
72 7 0.00036340859141879123
72 8 0.0006361528136722803
72 9 0.0013099054075893742
72 10 0.002479338494169604
72 11 0.005042050409262493
72 12 0.01021942664866672
72 13 0.017599498263568814
72 14 0.0261287929998015
72 15 0.03550374957895538
72 16 0.04637385944305269
72 17 0.0581602515406307
72 18 0.07087666299950941
72 19 0.08395565694242423
72 20 0.0992802059620014
72 21 0.12004220500674284
72 22 0.14334655604548363
72 23 0.18329841011610054
72 24 0.2380701652507134
72 25 0.4145463560440756
72 26 0.5036607304697744
72 27 0.561435210362778
72 28 0.6159059082631727
72 29 0.659636055386461
72 30 0.716621103258154
72 31 0.7660217874475689
72 32 0.7935320281271626
72 33 0.8833802325961931
72 34 0.951668089719204
72 35 0.9980466838049841
72 36 1.0647232752951594
72 37 1.1322199850651442
72 38 1.1538532834087811
72 39 1.262539840530287
72 40 1.3016391766074582
73 0 4.124977250691984e-07
73 1 2.8730092781471945e-07
73 2 3.4076557837085665e-07
73 3 1.5772761140785372e-05
73 4 4.542775454928064e-05
73 5 7.395968536021442e-05
73 6 0.00023366413117929032
73 7 0.00040730623282233684
73 8 0.0007681128488509623
73 9 0.0013603451620376396
73 10 0.003018676812925205
73 11 0.005675264582724962
73 12 0.01137374523470742
73 13 0.017991759140876768
73 14 0.027821505704781088
73 15 0.037536841582359
73 16 0.04784194002509323
73 17 0.059547701595855144
73 18 0.07157766777640473
73 19 0.08904963498761849
73 20 0.10263573295931779
73 21 0.12235341956090724
73 22 0.1522554126688191
73 23 0.1826947083976379
73 24 0.26000803094634367
73 25 0.4574921789720283
73 26 0.5221788685144773
73 27 0.5415054654927881
73 28 0.6073429805865346
73 29 0.6526252791333457
73 30 0.7234910479541461
73 31 0.7747874769733195
73 32 0.8188492070030867
73 33 0.8760000093792009
73 34 0.9289424543039342
73 35 1.0076738500045548
73 36 1.0836902135398392
73 37 1.1518883186518596
73 38 1.2082433620069126
73 39 1.2690324461650024
73 40 1.341949058453953
74 0 2.3670132412404945e-08
74 1 8.481633291483274e-06
74 2 1.7300636559760944e-05
74 3 2.4378830807975845e-05
74 4 3.049062290418343e-05
74 5 0.00012795422408486902
74 6 0.00022456197609074574
74 7 0.00039815143161738204
74 8 0.0009050675413700183
74 9 0.0017751589935908936
74 10 0.003488117208477653
74 11 0.00716464606840851
74 12 0.012510553498678747
74 13 0.018957907492300415
74 14 0.027799512673698554
74 15 0.03776427260093884
74 16 0.049285831758681835
74 17 0.06066591634547086
74 18 0.07098908302850361
74 19 0.08536848083643593
74 20 0.10385737009957147
74 21 0.12631389945967136
74 22 0.1519470175769426
74 23 0.19311501753251403
74 24 0.2910579059499819
74 25 0.4740695150766595
74 26 0.5070165697886003
74 27 0.5616595062031152
74 28 0.6120447170938648
74 29 0.6795643510858251
74 30 0.7071078419104573
74 31 0.7879562717081843
74 32 0.828198694653207
74 33 0.8520469514829114
74 34 0.9222118234338319
74 35 0.9793258860025513
74 36 1.0516998353064806
74 37 1.1202336915938
74 38 1.1653258618055047
74 39 1.2749453419014014
74 40 1.330465735606923
