14 0 1.8644655349409758e-07
14 1 1.2114228651310979e-05
14 2 1.9458480076958905e-05
14 3 2.311778151404512e-05
14 4 5.9503542266990984e-05
14 5 0.00015660590133224095
14 6 0.0002784629316021323
14 7 0.0006388223572059746
14 8 0.0013039427963795812
14 9 0.0025536233402363726
14 10 0.0050212959144281255
14 11 0.009771037581956585
14 12 0.01462020073290035
14 13 0.01956253966735475
14 14 0.026915961988255115
14 15 0.03250192584290074
14 16 0.04230954941237981
14 17 0.05221616230900021
14 18 0.06655817908549878
14 19 0.08108525126319736
14 20 0.10096245360400355
14 21 0.12315509151225686
14 22 0.15819970364184185
14 23 0.18736155983024777
14 24 0.25153773398600676
14 25 0.4671117383639633
14 26 0.5082308302711348
14 27 0.5703894165061579
14 28 0.5928922373799943
14 29 0.6615229317220159
14 30 0.7184292767521728
14 31 0.7660612072968936
14 32 0.8428485894412366
14 33 0.8886738475819217
14 34 0.9411533976625284
14 35 0.9922640429964878
14 36 1.0492499023222375
14 37 1.113355199634974
14 38 1.2350813279496018
14 39 1.264280190422006
14 40 1.3587412336810873
15 0 5.547811553519641e-06
15 1 4.625953517197613e-06
15 2 9.890038272132939e-06
15 3 4.0403097150003577e-05
15 4 0.0001116594751947006
15 5 0.00017713231026393345
15 6 0.0002285602737173261
15 7 0.0004537311378945173
15 8 0.0010599581124970218
15 9 0.002251112866001801
15 10 0.004437628932777866
15 11 0.008845662824541278
15 12 0.01368455766406762
15 13 0.019079905657452486
15 14 0.025124727348810674
15 15 0.03230173212431737
15 16 0.039698561896843586
15 17 0.05079461769501007
15 18 0.0644305450982156
15 19 0.08193434041174674
15 20 0.09835810385729633
15 21 0.1212196926983278
15 22 0.1521590740649203
15 23 0.18395570587808516
15 24 0.2445678767870042
15 25 0.4573942172687639
15 26 0.507325837531168
15 27 0.5328923017768143
15 28 0.612590158922713
15 29 0.6625104663619592
15 30 0.7091036935283053
15 31 0.7926124954079926
15 32 0.8312519662262048
15 33 0.8893079068418716
15 34 0.94253024095127
15 35 0.9642665022478055
15 36 1.0657293673581412
15 37 1.120610707067843
15 38 1.200208223243324
15 39 1.2630334917216555
15 40 1.3448481322324977
16 0 4.636903944553176e-09
16 1 8.862106802918588e-06
16 2 1.5161659607245615e-05
16 3 1.5948654128714215e-05
16 4 4.477900562057014e-05
16 5 0.0001338376853464109
16 6 0.00029301278571800183
16 7 0.0005104757715002279
16 8 0.0010142640217754295
16 9 0.002040755992700571
16 10 0.003509035258217658
16 11 0.008020333290344694
16 12 0.012989970923689708
16 13 0.017853298238443772
16 14 0.024557953500466224
16 15 0.03135296336406093
16 16 0.040168404869593305
16 17 0.051162773637519185
16 18 0.061937661351507266
16 19 0.07789084402968119
16 20 0.09566257632756132
16 21 0.11903247807103644
16 22 0.1489403068733751
16 23 0.18285622223330464
16 24 0.23271518808099745
16 25 0.47297617694154725
16 26 0.5177705843923688
16 27 0.563745149663293
16 28 0.6090930430423849
16 29 0.6644012938292053
16 30 0.7312716386317913
16 31 0.7694688152727903
16 32 0.8170766851924083
16 33 0.8826979066303194
16 34 0.9376898427419337
16 35 0.9953123045669474
16 36 1.0442598489010264
16 37 1.1269279589031087
16 38 1.1846107475583323
16 39 1.2772006110326748
16 40 1.269459441447001
17 0 5.517755147021577e-07
17 1 3.728982100449225e-06
17 2 5.443512438353543e-07
17 3 2.5719981203849964e-05
17 4 2.945018537029172e-05
17 5 0.00014870472303415953
17 6 0.00023347884494334564
17 7 0.0004895749286645207
17 8 0.0008818169907723807
17 9 0.001617114378698173
17 10 0.003276634430761129
17 11 0.0065764350105091424
17 12 0.011856163308311804
17 13 0.0170145669452694
17 14 0.02385189092498058
17 15 0.031106736083528676
17 16 0.03929888303699863
17 17 0.048674444125571224
17 18 0.06036469358250979
17 19 0.07560926957523091
17 20 0.0947925415421107
17 21 0.11800663104774525
17 22 0.13853170647188057
17 23 0.17874459448187857
17 24 0.21895462272183153
17 25 0.3818447624022675
17 26 0.5101680354694983
17 27 0.5586387389610779
17 28 0.6099512213026439
17 29 0.6598773427149011
17 30 0.7178942783832576
17 31 0.7728180858722382
17 32 0.8279611751372349
17 33 0.8869315988632764
17 34 0.8998068191589395
17 35 1.0156478150518082
17 36 1.0587580935557537
17 37 1.1381877823556452
17 38 1.2122053810525018
17 39 1.2243235442277827
17 40 1.3160877762405931
18 0 1.5400297960544606e-09
18 1 1.3930658690092483e-06
18 2 3.4898412824441846e-06
18 3 1.27017206404853e-05
18 4 6.274644542300767e-05
18 5 9.705222861500264e-05
18 6 0.00022767274862820313
18 7 0.00033407667327499906
18 8 0.0008467536543984781
18 9 0.0016335974073900105
18 10 0.002892094347209353
18 11 0.005761324039789427
18 12 0.010863968784651623
18 13 0.016702775654204843
18 14 0.022244224083056856
18 15 0.029646214923811778
18 16 0.03970978980044522
18 17 0.05000135679499811
18 18 0.05926808283795915
18 19 0.07422541703316796
18 20 0.092551340161378
18 21 0.1192379468472795
18 22 0.14602919855189425
18 23 0.176829880338311
18 24 0.21214892582429387
18 25 0.31456383817437306
18 26 0.5143614781280967
18 27 0.5605896919146645
18 28 0.6148132825676151
18 29 0.6568695127547279
18 30 0.7122718427354516
18 31 0.7577486256137032
18 32 0.8020271458588119
18 33 0.875707590316612
18 34 0.9690983139120785
18 35 0.9852518353053229
18 36 1.0212465560011141
18 37 1.1032466495534468
18 38 1.196421321425555
18 39 1.2199630828607402
18 40 1.317412127055478
19 0 1.9294941877696406e-09
19 1 6.341498501732176e-06
19 2 6.137999033531051e-06
19 3 1.1706243908019356e-05
19 4 1.4805678176047466e-05
19 5 8.906771820168205e-05
19 6 0.0001398450225290634
19 7 0.00029019422957993115
19 8 0.0006560111732974661
19 9 0.001468016356576903
19 10 0.0024991606578435048
19 11 0.004955794531395131
19 12 0.009870562027539553
19 13 0.015382941021260237
19 14 0.021825123475478048
19 15 0.029229084421723478
19 16 0.03665529434711413
19 17 0.04655182641571684
19 18 0.06154741380435548
19 19 0.07485729201633703
19 20 0.09106931173524815
19 21 0.11057587526427021
19 22 0.14060885752204433
19 23 0.1688255407511092
19 24 0.20905169218084843
19 25 0.29992716039468775
19 26 0.518061595082814
19 27 0.5375789051824895
19 28 0.6083319361424248
19 29 0.637691099172562
19 30 0.7145800791900351
19 31 0.7677148175482151
19 32 0.8247050696941541
19 33 0.8934183444969013
19 34 0.9427104218441736
19 35 0.9972017498438008
19 36 1.0538896446668604
19 37 1.1365787245325967
19 38 1.2102388513592621
19 39 1.2693703612362603
19 40 1.3345847429169626
20 0 2.9859504998265553e-09
20 1 7.799867244400396e-06
20 2 7.809326330217646e-09
20 3 2.0565274892218482e-05
20 4 4.337257193671225e-05
20 5 6.940375886073315e-05
20 6 9.819981468984206e-05
20 7 0.00025872365147082334
20 8 0.0004947604928020798
20 9 0.0009046697156471792
20 10 0.002125142627860648
20 11 0.0037862123413344
20 12 0.008430871322397749
20 13 0.014588658133435536
20 14 0.020239658001559673
20 15 0.027766927256571653
20 16 0.037001646957758136
20 17 0.045868417399803525
20 18 0.05937692226853146
20 19 0.07139672589137586
20 20 0.09036203810505489
20 21 0.10999386627022002
20 22 0.13668470189027396
20 23 0.16709534937235831
20 24 0.20986211308483885
20 25 0.28917586772032583
20 26 0.5155586984231207
20 27 0.5598380969067301
20 28 0.6081055547292963
20 29 0.6556864577080763
20 30 0.7325763672530868
20 31 0.7575197836116548
20 32 0.8368760441534289
20 33 0.8855743272895259
20 34 0.9523187096194486
20 35 0.999228990707573
20 36 1.066926976361364
20 37 1.0994586258744978
20 38 1.232412012514799
20 39 1.2263750921166137
20 40 1.2667110933005299
21 0 1.9000535333897788e-09
21 1 3.0702387189874007e-09
21 2 3.816557523297592e-06
21 3 1.4233633388543046e-05
21 4 2.825939981018596e-05
21 5 3.546398333385416e-05
21 6 8.194246342691423e-05
21 7 0.0002530860385730626
21 8 0.0004167831056392177
21 9 0.0009379158395082061
21 10 0.0017903732180226178
21 11 0.003164586050473357
21 12 0.006573409318324005
21 13 0.013029813636689553
21 14 0.019386688080788826
21 15 0.027950657577592523
21 16 0.035334978826167276
21 17 0.04615774888530562
21 18 0.05542313067967092
21 19 0.0734691670635973
21 20 0.08886510483345718
21 21 0.11259827615872764
21 22 0.13144248754045373
21 23 0.1656778246545146
21 24 0.20177540080457965
21 25 0.26609520552318056
21 26 0.5103094829054604
21 27 0.5637286863315653
21 28 0.6143935731746824
21 29 0.6319305567644433
21 30 0.7218947253680467
21 31 0.7621531449777138
21 32 0.796689623049442
21 33 0.8829701780906005
21 34 0.9255388181263449
21 35 1.0191826641599084
21 36 1.0864944399577623
21 37 1.1137315914451376
21 38 1.2201417963799748
21 39 1.2886865072027243
21 40 1.2893244508191868
22 0 7.911072349683658e-09
22 1 7.80478987504119e-06
22 2 7.409342381057347e-06
22 3 4.611583367845476e-06
22 4 2.5320319804067703e-05
22 5 1.6634221764428636e-05
22 6 0.00010830246675570479
22 7 0.0001416308059941573
22 8 0.0003674152295024374
22 9 0.0006664654598885129
22 10 0.0015156776324120305
22 11 0.002584624105244256
22 12 0.005279704867119042
22 13 0.010264837028870709
22 14 0.017968984328089986
22 15 0.025022460256941808
22 16 0.03332977501725714
22 17 0.043942659629818574
22 18 0.054848675349699144
22 19 0.07048230289962873
22 20 0.08718699283229613
22 21 0.10583868847465737
22 22 0.12951423533462417
22 23 0.15790477709613815
22 24 0.19557847777420756
22 25 0.25616437690646354
22 26 0.5037356422373398
22 27 0.5619617392603841
22 28 0.612056376943632
22 29 0.6634699307978577
22 30 0.7208591622841348
22 31 0.7651024295753741
22 32 0.8399025403179919
22 33 0.8587386711105582
22 34 0.9636228652186928
22 35 0.9946150136060554
22 36 1.0184748998635584
22 37 1.1124951478868579
22 38 1.1902695228170368
22 39 1.2228308139319244
22 40 1.3608608582687578
23 0 5.864170946039356e-10
23 1 2.1311304536129318e-09
23 2 4.953153878212402e-09
23 3 8.303761403203375e-08
23 4 1.7208029105585e-05
23 5 1.4719649399445736e-05
23 6 0.0001019874362695105
23 7 9.705872142779099e-05
23 8 0.00025810385245094065
23 9 0.0006907077268041967
23 10 0.0012992120527956534
23 11 0.0020807313336644816
23 12 0.004385499218300868
23 13 0.008575326588440109
23 14 0.01599732115100235
23 15 0.023904343177913442
23 16 0.03312450922522823
23 17 0.04298476747576081
23 18 0.05704379838809408
23 19 0.06898943226076108
23 20 0.08413057207695242
23 21 0.10329543905355872
23 22 0.12307777876079529
23 23 0.15434929145940868
23 24 0.19626177541054773
23 25 0.25689098677402633
23 26 0.42267443041152347
23 27 0.5726455706801982
23 28 0.5981709047039694
23 29 0.6563781702891018
23 30 0.6979677924647616
23 31 0.7682147445113308
23 32 0.8054009725633124
23 33 0.8771726348421757
23 34 0.9472644054840679
23 35 0.976047289673921
23 36 1.0721130463360946
23 37 1.0989353221211309
23 38 1.1814542323931272
23 39 1.2795938177212733
23 40 1.3012451299900931
24 0 1.11850303317887e-09
24 1 3.1305700910350524e-09
24 2 3.8009936285711526e-09
24 3 2.9189071468159623e-08
24 4 1.3337770895617828e-05
24 5 4.92817716316455e-05
24 6 1.7111864614620083e-05
24 7 0.00015969884031090376
24 8 0.00024661402288083225
24 9 0.00043822158168773084
24 10 0.0009678968548630597
24 11 0.001830867051622116
24 12 0.003311263038094127
24 13 0.0062449657644403
24 14 0.012982353616260102
24 15 0.022105069014767276
24 16 0.031824525838079966
24 17 0.040426299002273236
24 18 0.05218561470148283
24 19 0.0674831156841205
24 20 0.08373029160643908
24 21 0.1034606291090171
24 22 0.1261986858276608
24 23 0.1499207904074734
24 24 0.18753968768403964
24 25 0.25473919621624275
24 26 0.3818668423258317
24 27 0.5576985581024843
24 28 0.6073635535746941
24 29 0.6700525502471297
24 30 0.7282231887981553
24 31 0.7646197803248077
24 32 0.8244337541180526
24 33 0.8744462122257358
24 34 0.9175433033760387
24 35 0.9794534127595925
24 36 1.0523646142148746
24 37 1.1185757870261603
24 38 1.2358914243571013
24 39 1.2498911111343207
24 40 1.3510986624747698
25 0 1.4432234252639004e-09
25 1 2.077369253773542e-09
25 2 5.20835886994717e-09
25 3 3.4108861068795396e-06
25 4 1.969933961049071e-05
25 5 4.410478755382771e-05
25 6 8.0730655025782e-05
25 7 8.313292469592277e-05
25 8 0.00022984242538088008
25 9 0.00045426667259093313
25 10 0.0006618950207368709
25 11 0.0013711578574847286
25 12 0.0027231407648988233
25 13 0.004893405089375565
25 14 0.009979518922623078
25 15 0.019695314124286878
25 16 0.02979437239276973
25 17 0.04015726206749067
25 18 0.05275335734185815
25 19 0.06402230088642222
25 20 0.08144637929869354
25 21 0.10064656303050433
25 22 0.12298183835628433
25 23 0.15160684847627162
25 24 0.18242821804228876
25 25 0.23522509579224687
25 26 0.3440890878263312
25 27 0.5616361362934736
25 28 0.5930096042074423
25 29 0.6572541447574504
25 30 0.7314206953941768
25 31 0.7532028024897359
25 32 0.8151736036777015
25 33 0.8891833735288481
25 34 0.9311367157386503
25 35 1.0234737215081462
25 36 1.1006373587173246
25 37 1.1195845097319959
25 38 1.1824634581820783
25 39 1.2979246051894582
25 40 1.339360645378346
26 0 7.035252251055091e-10
26 1 1.7749178789306461e-09
26 2 4.688325014301923e-06
26 3 1.0870291332667976e-08
26 4 1.35277240796071e-08
26 5 8.790217866138156e-06
26 6 1.1643656281843306e-05
26 7 3.400869039635107e-05
26 8 0.00014222068339095958
26 9 0.0003165557212640691
26 10 0.000643095251967843
26 11 0.0011135323998457162
26 12 0.0025231479271834397
26 13 0.004466140665969677
26 14 0.008027000110975527
26 15 0.01697987286804976
26 16 0.027231320920449047
26 17 0.037785153674040006
26 18 0.04997164205049015
26 19 0.06442697044252024
26 20 0.0781373689141578
26 21 0.09786966003716388
26 22 0.12157863912935796
26 23 0.1424620596215841
26 24 0.17965413888415846
26 25 0.22742272275483474
26 26 0.3373972718910893
26 27 0.555327320892009
26 28 0.613992710745985
26 29 0.6564701636735404
26 30 0.7316473975392661
26 31 0.7747715936740069
26 32 0.820116653729154
26 33 0.8786188511175562
26 34 0.9187884812351449
26 35 0.9727362564138966
26 36 1.0735487621833724
26 37 1.1162890874651112
26 38 1.1881341967319494
26 39 1.217274530753981
26 40 1.3087331198699437
27 0 5.280007156609691e-10
27 1 3.506630660536477e-06
27 2 3.7756063398640105e-09
27 3 1.2070909456770697e-05
27 4 1.4365302773370822e-05
27 5 4.561566425044283e-06
27 6 4.74576689316454e-05
27 7 3.660419985409574e-05
27 8 0.0001077780078441587
27 9 0.000202043792154906
27 10 0.0004039106134808108
27 11 0.0008631585151847542
27 12 0.0016559469257614483
27 13 0.003244756861500301
27 14 0.00611601161692387
27 15 0.012572409889718032
27 16 0.023380549219672565
27 17 0.035076215680604164
27 18 0.047646214559313387
27 19 0.062161271193080174
27 20 0.07873556919088777
27 21 0.09645482500803614
27 22 0.11879921138197849
27 23 0.14352886177494092
27 24 0.17587528115285628
27 25 0.2247774358877653
27 26 0.31198686045908364
27 27 0.5574626796164345
27 28 0.6166874484456873
27 29 0.66753868373491
27 30 0.7043678567431626
27 31 0.7481773270304153
27 32 0.8065349229612375
27 33 0.8644799732956826
27 34 0.9324911410364183
27 35 1.0129799964190838
27 36 1.0999574602509097
27 37 1.1233204214971761
27 38 1.2098874878472772
27 39 1.2505847611016419
27 40 1.316069105810451
28 0 1.0181146550932483e-09
28 1 1.1618882219327095e-09
28 2 3.687684538042673e-09
28 3 3.1272925487861586e-06
28 4 8.989225061517276e-09
28 5 1.2372538231309959e-05
28 6 3.789337202919772e-05
28 7 6.732270731615748e-05
28 8 6.421280540489798e-05
28 9 0.0001404867932883649
28 10 0.0002344824149638716
28 11 0.0009806344315710159
28 12 0.001259326428439426
28 13 0.0025781121618132234
28 14 0.005136069114805838
28 15 0.009451720210591421
28 16 0.01929161363907788
28 17 0.032645132532318315
28 18 0.04529383656563211
28 19 0.05924718932781682
28 20 0.07444653064197165
28 21 0.09250986243015975
28 22 0.11751257602258511
28 23 0.14094452190889895
28 24 0.17540470942658984
28 25 0.21690139929190572
28 26 0.30101670250460777
28 27 0.5550064863109485
28 28 0.6157726338837374
28 29 0.6432679724799325
28 30 0.7114155171188248
28 31 0.7908167615121889
28 32 0.822184064184728
28 33 0.8811476730543812
28 34 0.9465843335955769
28 35 0.973702605223254
28 36 1.0522108711363662
28 37 1.1014054984245678
28 38 1.1945379665696971
28 39 1.2151507875458893
28 40 1.3363946110299145
29 0 5.801365322244903e-10
29 1 1.3039422872959257e-09
29 2 3.253820087570846e-09
29 3 4.998482378861638e-06
29 4 5.511650636809258e-06
29 5 9.017161424355904e-06
29 6 4.309398619948128e-05
29 7 1.2995467611497516e-07
29 8 3.815864706439139e-05
29 9 0.00016685141459285113
29 10 0.00024998233084243704
29 11 0.00044645886845775455
29 12 0.0009720079985886415
29 13 0.0023618228425497574
29 14 0.0042536620551990745
29 15 0.007962705865941796
29 16 0.015043554941553851
29 17 0.027008318768928403
29 18 0.042631595230355916
29 19 0.05724682279229991
29 20 0.07204008465459226
29 21 0.08890085469671498
29 22 0.11415705430147086
29 23 0.1401181001041155
29 24 0.17193619616205436
29 25 0.21262705540095395
29 26 0.28822924973803643
29 27 0.48445319515992935
29 28 0.6125222948373412
29 29 0.6483833952995375
29 30 0.7192831550224784
29 31 0.7648920158857614
29 32 0.8110999568676098
29 33 0.9114750566262976
29 34 0.9296873937744312
29 35 0.9789440111572878
29 36 1.06496599928133
29 37 1.1141423440915423
29 38 1.2012035153455352
29 39 1.2651493970949566
29 40 1.3044792216546757
30 0 9.50773100981193e-10
30 1 1.0305333629840907e-09
30 2 2.461492654106225e-09
30 3 2.6399589361481453e-09
30 4 8.330817284901732e-09
30 5 3.490098742525229e-06
30 6 4.6660624610760426e-06
30 7 3.377997651882944e-05
30 8 7.027878466391298e-05
30 9 0.0001787850036534162
30 10 0.00017019812618153973
30 11 0.0004565744070020261
30 12 0.0007401898810903781
30 13 0.001658994211387375
30 14 0.0033512421863702655
30 15 0.005737538164121389
30 16 0.012023506592576394
30 17 0.021550718094629055
30 18 0.038126257438014545
30 19 0.053482701663907985
30 20 0.07250608939685564
30 21 0.0872290326822363
30 22 0.11161623235095917
30 23 0.1362850413643995
30 24 0.1645865983763011
30 25 0.21349102169909256
30 26 0.2760542822143276
30 27 0.42327391887454585
30 28 0.600393555719763
30 29 0.6439753191205192
30 30 0.7183073723501419
30 31 0.749173388665388
30 32 0.8139738148048884
30 33 0.8789770449553531
30 34 0.9229440722816747
30 35 1.0125633754447931
30 36 1.0568271086312946
30 37 1.094813621721336
30 38 1.1863164013558036
30 39 1.2927893365458492
30 40 1.3275651052241373
31 0 4.959026502169042e-10
31 1 1.0232891507224461e-09
31 2 1.5859802457107203e-09
31 3 5.027914625326232e-09
31 4 6.893179469198683e-09
31 5 1.6393745084501386e-08
31 6 2.0284959822722455e-05
31 7 1.126395244063158e-05
31 8 4.1069011867941955e-05
31 9 4.8526662777242244e-05
31 10 0.00018452233867457068
31 11 0.00020387496013064997
31 12 0.0004382288952636994
31 13 0.001216023451058557
31 14 0.0026456486058899485
31 15 0.00477384938448005
31 16 0.009565393691435565
31 17 0.017066505097907254
31 18 0.034152102945566566
31 19 0.04967044732075215
31 20 0.06681469869168326
31 21 0.08594340569962146
31 22 0.10733159081754286
31 23 0.1308905802296941
31 24 0.165230051375594
31 25 0.20748168776515755
31 26 0.26499305342465884
31 27 0.38032894846916626
31 28 0.600526765325403
31 29 0.6501909964651116
31 30 0.6957864412620297
31 31 0.7724098053532464
31 32 0.824567421025928
31 33 0.8836935595209706
31 34 0.9479245025659575
31 35 1.0109582415692127
31 36 1.033587053378729
31 37 1.1134793328202575
31 38 1.1748601774144762
31 39 1.2511327337994353
31 40 1.3330621252549824
32 0 3.6893447017158884e-10
32 1 1.0028755046083487e-09
32 2 1.6740029423575118e-09
32 3 4.0415748356448504e-09
32 4 7.037954183323958e-09
32 5 6.396705658284103e-06
32 6 4.6508880843912756e-07
32 7 1.936432022010407e-05
32 8 1.945283662937455e-05
32 9 4.389187388268057e-05
32 10 0.00018241477684283417
32 11 0.0002657864628363725
32 12 0.0005374348588521273
32 13 0.000994181511162455
32 14 0.0020515701443180262
32 15 0.003729824532692261
32 16 0.006691001404888726
32 17 0.013949499572535681
32 18 0.02589618699261598
32 19 0.04420858010596063
32 20 0.06335075167765392
32 21 0.08051691223578036
32 22 0.10177877578937111
32 23 0.12813777576053945
32 24 0.16089983071591596
32 25 0.2003370550997519
32 26 0.2627646415302698
32 27 0.3648070382472719
32 28 0.5851440910894016
32 29 0.6578861942797845
32 30 0.699268817601674
32 31 0.768084798794649
32 32 0.8105309617715984
32 33 0.8828731221230278
32 34 0.9481881567416817
32 35 1.0130177828375142
32 36 1.0681595619130313
32 37 1.1206556462281514
32 38 1.198869859231476
32 39 1.2603280077742092
32 40 1.3091862503656517
33 0 3.666032170609926e-10
33 1 8.366830410363998e-10
33 2 1.5947030712091678e-09
33 3 2.8171672022129303e-09
33 4 6.910788668732816e-09
33 5 1.513965088708578e-08
33 6 4.199882315504855e-06
33 7 1.0017317368367462e-05
33 8 4.345306795035737e-06
33 9 4.294829037292736e-05
33 10 5.648972963449601e-05
33 11 0.00019543969686281352
33 12 0.00041204005674292776
33 13 0.0008422275269819218
33 14 0.0014229104239042232
33 15 0.0027289221424761758
33 16 0.006806555328531373
33 17 0.011072377141977481
33 18 0.019585533258188872
33 19 0.03910189756695453
33 20 0.05776696195957734
33 21 0.07713008762630484
33 22 0.09858584673799368
33 23 0.12424137841935669
33 24 0.1512587716242491
33 25 0.19199120453976112
33 26 0.2562240890043882
33 27 0.3355086827689119
33 28 0.5835627915274956
33 29 0.6469944479443931
33 30 0.7127559619669431
33 31 0.7541975678368698
33 32 0.825410646210385
33 33 0.8941612272373106
33 34 0.9106254562273772
33 35 1.0021790723226065
33 36 1.042497603135041
33 37 1.1353477831867071
33 38 1.1770368630466026
33 39 1.2201454803243974
33 40 1.3054777692810386
34 0 7.969066546272048e-10
34 1 8.045781840976291e-10
34 2 1.2333620305240457e-09
34 3 2.506620691825728e-09
34 4 7.78993106879086e-09
34 5 7.64146676409935e-06
34 6 1.7441942457278565e-05
34 7 4.980112538145196e-06
34 8 2.358374706797242e-05
34 9 7.842283168267172e-06
34 10 5.445237299449843e-05
34 11 0.00010165864627346796
34 12 0.000276614720314385
34 13 0.0007507512443734901
34 14 0.0010962199331831849
34 15 0.002354793490369336
34 16 0.004958524418830047
34 17 0.008922840075222479
34 18 0.01622326344979663
34 19 0.03049715286799131
34 20 0.053261684185490016
34 21 0.07624486667411264
34 22 0.09788813491540146
34 23 0.1245847626903733
34 24 0.15103309084470598
34 25 0.1833513262286733
34 26 0.24094319689268315
34 27 0.32094668572350954
34 28 0.6049501279504876
34 29 0.642687755071705
34 30 0.7070566372576441
34 31 0.7863783634084399
34 32 0.8363785977610733
34 33 0.8877284269473068
34 34 0.9537392687988904
34 35 0.9703984978240052
34 36 1.0843093650793552
34 37 1.1625070753770803
34 38 1.2279505506918744
34 39 1.2721317775123884
34 40 1.3132882433739197
35 0 6.316938948041556e-10
35 1 9.307894929533192e-10
35 2 1.3255569801115268e-09
35 3 2.8961046204756196e-09
35 4 5.42596291901442e-09
35 5 8.660553715379419e-09
35 6 7.047480297017006e-06
35 7 9.555695228659712e-06
35 8 7.461225671261734e-08
35 9 1.8289584204813222e-05
35 10 4.1116021596496595e-07
35 11 0.00010689010979119091
35 12 0.00026772188292036606
35 13 0.0005770047932290251
35 14 0.0006701970303994925
35 15 0.002220797547556539
35 16 0.003368043678062557
35 17 0.0069555523992164735
35 18 0.013717742353477178
35 19 0.023922162488906627
35 20 0.043671567537075545
35 21 0.06817608037591329
35 22 0.09571964593675095
35 23 0.11511253509457695
35 24 0.1445308781945657
35 25 0.17900743228732732
35 26 0.23828433420420483
35 27 0.31597470711262876
35 28 0.5794156276294165
35 29 0.673486371862173
35 30 0.7050537679301888
35 31 0.760391878574729
35 32 0.8170705407301333
35 33 0.8883876565228035
35 34 0.9226051515060247
35 35 0.9776845949038896
35 36 1.0647013443808349
35 37 1.1140804512667573
35 38 1.2029482571415284
35 39 1.257154352654478
35 40 1.355305432178706
36 0 5.73460173421064e-10
36 1 8.850758113029045e-10
36 2 1.3814419083644306e-09
36 3 2.4939705607780087e-09
36 4 5.039836995583568e-09
36 5 1.0082340367707122e-08
36 6 2.221184628170272e-08
36 7 3.709954782081459e-08
36 8 1.6226903604488492e-05
36 9 4.359516780911858e-05
36 10 5.946079192164472e-05
36 11 8.625028521075109e-05
36 12 8.591997962307099e-05
36 13 0.0006223918059635562
36 14 0.0006612836549492476
36 15 0.0015282134961870405
36 16 0.003123324526985722
36 17 0.00557680916044927
36 18 0.011805645575794985
36 19 0.019975380520431928
36 20 0.03983048342173249
36 21 0.0670324363412607
36 22 0.08664530887017843
36 23 0.11692242030392895
36 24 0.14601977356349427
36 25 0.18251050926547846
36 26 0.23267778994511282
36 27 0.3007170842180467
36 28 0.5176007511940314
36 29 0.6390690119192364
36 30 0.7322699801526635
36 31 0.7672591980300952
36 32 0.823386830106801
36 33 0.8581797068398748
36 34 0.9264556956801745
36 35 0.9826858896174843
36 36 1.0504316324406593
36 37 1.1120273386173354
36 38 1.1867401307821692
36 39 1.257334749555333
36 40 1.3401073680734783
37 0 1.1849358342741924e-09
37 1 8.134648639264569e-10
37 2 1.8117476185575054e-09
37 3 2.7753013162420777e-09
37 4 7.487428897229252e-09
37 5 9.743687822755473e-08
37 6 1.4461169047745748e-07
37 7 3.685461331815387e-08
37 8 6.35483091183598e-08
37 9 3.906084914298779e-06
37 10 5.15986697732365e-05
37 11 4.477317395205751e-05
37 12 0.00012747124356453298
37 13 0.0003719748126650567
37 14 0.0007424225604526243
37 15 0.0011801177729932272
37 16 0.0024201415049319506
37 17 0.004849854484884834
37 18 0.009075789885853352
37 19 0.01663742010993647
37 20 0.03366455335599746
37 21 0.060143504897637194
37 22 0.08716702275973533
37 23 0.11222021290692931
37 24 0.14265603857323897
37 25 0.17639203129000675
37 26 0.21429524186115667
37 27 0.28533802497215754
37 28 0.4557712586031498
37 29 0.6626670381112794
37 30 0.6972105449439463
37 31 0.7827785297430344
37 32 0.8361637061816874
37 33 0.8704634593843874
37 34 0.9460398637464404
37 35 0.9875061253855021
37 36 1.0601449394014681
37 37 1.1392138380932368
37 38 1.183981961115703
37 39 1.2662249414967923
37 40 1.36560005249206
38 0 4.419339780146072e-10
38 1 9.925651755404098e-10
38 2 1.9942068143595437e-09
38 3 2.924024915179171e-09
38 4 4.334710475276069e-09
38 5 8.317267241132712e-09
38 6 3.645153356917492e-08
38 7 4.4831768815517134e-08
38 8 1.4866077125597574e-07
38 9 3.502664891587335e-07
38 10 3.742232713446448e-05
38 11 2.7552815894363115e-05
38 12 0.0001072971578770677
38 13 0.00027557816355082323
38 14 0.0005743477497364684
38 15 0.0010816601026448587
38 16 0.0023127099227619177
38 17 0.0038517484604401126
38 18 0.007696381056487077
38 19 0.015999283540757362
38 20 0.029470771667835193
38 21 0.05450312676742678
38 22 0.08431560065650948
38 23 0.10532440853964943
38 24 0.13667838071080912
38 25 0.16849915607679677
38 26 0.21164538599238994
38 27 0.2841376352415048
38 28 0.4349316552417762
38 29 0.6595902122155051
38 30 0.7036869492429059
38 31 0.7737349369235077
38 32 0.803331253932273
38 33 0.8595048015928395
38 34 0.9478818079353704
38 35 1.0090592722625147
38 36 1.04255113073817
38 37 1.125279410409534
38 38 1.183245598455547
38 39 1.2380356688946006
38 40 1.3374641124273658
39 0 5.723790290597476e-10
39 1 1.142839463931511e-09
39 2 1.7104581394581453e-09
39 3 2.8473426532481875e-09
39 4 4.368606174177667e-09
39 5 9.591000404391297e-09
39 6 1.8323369184378813e-08
39 7 5.4220504649434613e-08
39 8 7.762688998368283e-08
39 9 1.3429721292684358e-05
39 10 2.5530337446883774e-07
39 11 3.630894788297141e-05
39 12 7.453897807752519e-05
39 13 0.00018291543780047997
39 14 0.0004117259172617229
39 15 0.0007148563495076245
39 16 0.0017323246081192604
39 17 0.003534490235446593
39 18 0.007410648216232566
39 19 0.01370360616930975
39 20 0.027707419987688706
39 21 0.051600884830663746
39 22 0.07920231636283004
39 23 0.10630031324871825
39 24 0.13482492584127823
39 25 0.16304979932834365
39 26 0.20948715162467046
39 27 0.2684055584967544
39 28 0.39281522371413446
39 29 0.6400796446496065
39 30 0.7048849145533284
39 31 0.7718298830248385
39 32 0.8394669434363148
39 33 0.9023154256017631
39 34 0.9418213713192055
39 35 1.0007400738329575
39 36 1.0806478732092877
39 37 1.122084485049394
39 38 1.175160620406423
39 39 1.258187124897419
39 40 1.3469569866359583
40 0 6.57568708477075e-10
40 1 1.3029069796537484e-09
40 2 1.911481786030638e-09
40 3 2.706513366869992e-09
40 4 6.0900894885141595e-09
40 5 7.992600185773707e-09
40 6 2.160991532788578e-08
40 7 3.577417467196719e-08
40 8 1.1626390479627677e-07
40 9 2.4776883179740486e-07
40 10 3.47027613661582e-05
40 11 2.1005873183966856e-06
40 12 0.00015687798565948153
40 13 0.0001706322734710057
40 14 0.00023445855188044976
40 15 0.0004874201677278137
40 16 0.0018496598332751629
40 17 0.0028957228487016995
40 18 0.00695108131369644
40 19 0.011787953822259153
40 20 0.02501516791716773
40 21 0.045291593567625354
40 22 0.07597075983583354
40 23 0.09702268175198833
40 24 0.12935758434169392
40 25 0.16499253755191684
40 26 0.20272987891111738
40 27 0.2670736267886579
40 28 0.3879955175545193
40 29 0.6537953427229171
40 30 0.6865172036617836
40 31 0.7624291815519841
40 32 0.8160700195129229
40 33 0.8953848190623336
40 34 0.9577076796048559
40 35 0.9948783560205601
40 36 1.0523133674614702
40 37 1.1828955078538257
40 38 1.1455482254911882
40 39 1.2638096656213604
40 40 1.2877256983752061
41 0 1.2685139792596102e-09
41 1 1.5633468006886765e-09
41 2 2.121612064142518e-09
41 3 3.374703642538177e-09
41 4 4.304394000282709e-09
41 5 4.5188692131992016e-08
41 6 1.7406294800307518e-08
41 7 3.254763653489229e-08
41 8 1.1472530541068548e-07
41 9 1.9588622147350427e-07
41 10 3.2924056399088384e-07
41 11 7.182744351961576e-05
41 12 5.8416209076136996e-05
41 13 0.0002574534579349793
41 14 0.0003381277898059449
41 15 0.0006349316256014704
41 16 0.0017765767781020556
41 17 0.00331778278718638
41 18 0.005927000741865804
41 19 0.01146078823391281
41 20 0.023168438538670677
41 21 0.04595728254826592
41 22 0.07614671780108315
41 23 0.09891679605478161
41 24 0.12919460663103874
41 25 0.16324885188295007
41 26 0.20710738273968027
41 27 0.2504328546821243
41 28 0.35226285294934184
41 29 0.6430165588699936
41 30 0.7072206809832241
41 31 0.7601867639295147
41 32 0.8466337908391757
41 33 0.8892340841607261
41 34 0.9163849219500171
41 35 0.991465248628583
41 36 1.0636210711959566
41 37 1.1154944345469031
41 38 1.1901560302052445
41 39 1.2386471047724585
41 40 1.32699304525681
42 0 1.0223043241933076e-09
42 1 2.07114672462329e-09
42 2 2.492485478420093e-09
42 3 3.6834290310313002e-09
42 4 5.891670986443992e-09
42 5 8.861898256656084e-09
42 6 1.6377517397852796e-08
42 7 3.4067991986027075e-08
42 8 1.0497923757721173e-07
42 9 3.536572124308102e-07
42 10 3.040576533940706e-07
42 11 8.972943295982563e-07
42 12 5.761713512680416e-05
42 13 0.00011369158736631407
42 14 0.00029631637069860465
42 15 0.0006802271428971261
42 16 0.0012958476754506352
42 17 0.0030160758495645667
42 18 0.006232373674897587
42 19 0.010826342670136822
42 20 0.02189356657151843
42 21 0.04443714646535271
42 22 0.07104261176314995
42 23 0.0975107019881295
42 24 0.1211851369268054
42 25 0.15959826368893312
42 26 0.19853489912198674
42 27 0.25009771849333046
42 28 0.35485517080510615
42 29 0.6589776479397167
42 30 0.7178484712037788
42 31 0.7617621748894529
42 32 0.8295975249661284
42 33 0.8770458579979793
42 34 0.9323777994774431
42 35 0.9774256519572988
42 36 1.032045446829993
42 37 1.1248612800665754
42 38 1.1688541238490004
42 39 1.2684628634780035
42 40 1.317506617911556
43 0 1.1168464500479418e-09
43 1 2.1906475127512693e-09
43 2 3.530581449420563e-09
43 3 3.6243012317213842e-09
43 4 6.1698127127524655e-09
43 5 9.626411483673941e-09
43 6 1.8896005282205028e-08
43 7 3.816782649378379e-08
43 8 7.276138519009968e-08
43 9 2.228943133101804e-07
43 10 6.81152305999374e-07
43 11 5.683068849802086e-07
43 12 5.0724618160509106e-05
43 13 8.850785510014068e-05
43 14 0.0003006547392177847
43 15 0.0009657183255160086
43 16 0.0017202094545357553
43 17 0.003050627728019949
43 18 0.005924075130891603
43 19 0.01019248287418064
43 20 0.022356723314698342
43 21 0.04278096506020768
43 22 0.071279329353467
43 23 0.09587797428968196
43 24 0.12397975183982676
43 25 0.1569812888444947
43 26 0.1977635991212589
43 27 0.23974993864474664
43 28 0.337088921762133
43 29 0.6551807999474264
43 30 0.7294642970695265
43 31 0.7399556214123636
43 32 0.8568072884831494
43 33 0.9076872078429816
43 34 0.9687570524170229
43 35 1.0221245515382986
43 36 1.0890886819929355
43 37 1.0905282967988275
43 38 1.1967243102175602
43 39 1.2235182270008804
43 40 1.341775313322309
44 0 1.1994028123223562e-09
44 1 3.0067492391839385e-09
44 2 3.333076593938322e-09
44 3 4.2706277312688436e-09
44 4 5.3580426819697765e-09
44 5 1.1823980937180868e-08
44 6 2.1155038640593037e-08
44 7 4.777246786113885e-08
44 8 1.975466621230092e-07
44 9 2.8293871323183674e-06
44 10 1.4359558837769804e-05
44 11 1.0056748185015726e-06
44 12 9.241303161987704e-05
44 13 0.00014265319886715047
44 14 0.00026873605132273236
44 15 0.0006393919111089363
44 16 0.001545210632824933
44 17 0.002967018821291512
44 18 0.005141334492824991
44 19 0.010583369219290178
44 20 0.0220332580450757
44 21 0.040829195082786415
44 22 0.07058050483816995
44 23 0.09460416735016929
44 24 0.1230332748293531
44 25 0.15473974421383205
44 26 0.1934231896412666
44 27 0.24603137461822575
44 28 0.3375108238043947
44 29 0.6632880149888999
44 30 0.7483900900983878
44 31 0.7667413008602174
44 32 0.8263279644774507
44 33 0.8802645785992447
44 34 0.9301037536055661
44 35 0.9797216483736811
44 36 1.0420016656154476
44 37 1.1565229667667976
44 38 1.1859546746660057
44 39 1.2286560648216676
44 40 1.3218018817978319
45 0 1.4178490138926677e-09
45 1 3.1065262405836076e-09
45 2 3.893712950806437e-09
45 3 4.6868324572263156e-09
45 4 6.617740937826683e-09
45 5 1.1802019722829684e-08
45 6 2.05863139513017e-07
45 7 4.517376806699452e-08
45 8 2.0825537238680664e-05
45 9 1.4803813035945382e-06
45 10 5.0184830867390384e-05
45 11 1.771993463651185e-05
45 12 9.932149682183844e-06
45 13 0.0001597000656389999
45 14 0.0004679742682270698
45 15 0.0005562596847091357
45 16 0.0014043557161440975
45 17 0.0029663305370122755
45 18 0.005873738324130511
45 19 0.01146331121874882
45 20 0.02149088720145229
45 21 0.04295645501296727
45 22 0.06897337071828057
45 23 0.09810246264725454
45 24 0.12122642888338232
45 25 0.156728652950812
45 26 0.1913677263581389
45 27 0.23510962128399143
45 28 0.32930096993333247
45 29 0.6439842046607082
45 30 0.7175098557785292
45 31 0.7499571249087954
45 32 0.8154480979926955
45 33 0.8668329088736977
45 34 0.9466516496977161
45 35 0.9856124452285916
45 36 1.0587244339433988
45 37 1.126085273271771
45 38 1.1380521587931152
45 39 1.2333579308156513
45 40 1.3774203966242398
46 0 1.768543586464677e-09
46 1 3.621048796201263e-09
46 2 4.233284929162964e-09
46 3 5.743396141065823e-09
46 4 7.509539350276373e-09
46 5 1.238884571916578e-08
46 6 2.435723475234742e-08
46 7 4.2261610509051e-08
46 8 5.4670404596679405e-08
46 9 1.598541969394172e-05
46 10 3.538403510890744e-07
46 11 3.833396604223537e-06
46 12 0.0001513677137471688
46 13 0.00011745799345072144
46 14 0.0003111292186584223
46 15 0.000649046417988315
46 16 0.0016025305522680455
46 17 0.00331303812965922
46 18 0.006009378249512855
46 19 0.011770235774173491
46 20 0.021240626954454913
46 21 0.04176795614175911
46 22 0.06824930476007657
46 23 0.09807869359590288
46 24 0.12270740956669697
46 25 0.15870673665250443
46 26 0.19737810553628818
46 27 0.2391484173484589
46 28 0.3262753282455594
46 29 0.677874066264789
46 30 0.703905725530993
46 31 0.7616207916953744
46 32 0.8300208304734277
46 33 0.8677142624577964
46 34 0.9473430245583959
46 35 0.9730634789776155
46 36 1.02152802001543
46 37 1.1123843683838983
46 38 1.174268611905889
46 39 1.2919364037825423
46 40 1.292008072974642
47 0 1.9469382088037173e-09
47 1 3.9087317376961245e-09
47 2 5.189718559781474e-09
47 3 6.607014440171137e-09
47 4 7.920314483412476e-09
47 5 1.1414438252660399e-08
47 6 2.625420103219812e-08
47 7 3.938064081348225e-08
47 8 8.630176964526976e-08
47 9 1.75100442711659e-05
47 10 1.4737252592487247e-05
47 11 3.699010205770777e-05
47 12 3.2814286233352254e-05
47 13 0.00012420710617726575
47 14 0.00015841313976629632
47 15 0.0006776835659696178
47 16 0.001827752669183316
47 17 0.0032812345674939083
47 18 0.00642930799014974
47 19 0.011021882051364344
47 20 0.0227840382403121
47 21 0.0430121469696971
47 22 0.07135150379581835
47 23 0.09628635398812184
47 24 0.12730638862656632
47 25 0.1563314893586669
47 26 0.19186677414116812
47 27 0.24557601331908818
47 28 0.32800126581903405
47 29 0.6554654477128941
47 30 0.7119019346678451
47 31 0.7282459015399521
47 32 0.8367438613376331
47 33 0.9108022492623274
47 34 0.9500607428581724
47 35 1.028541110146584
47 36 1.049490543312115
47 37 1.1049230641178056
47 38 1.2271938043441282
47 39 1.219386040574306
47 40 1.324288090999486
48 0 2.444852583531968e-09
48 1 4.622583729070087e-09
48 2 5.9169844624967545e-09
48 3 6.701888030125592e-09
48 4 1.0812110124114318e-08
48 5 1.6746697887825647e-08
48 6 2.1862588387331295e-08
48 7 3.710258862573287e-08
48 8 1.0817571910262892e-07
48 9 1.0038223487690677e-07
48 10 1.944097232230757e-05
48 11 5.18462123838968e-05
48 12 5.054996715177683e-05
48 13 0.00012442622316232067
48 14 0.0005125584331069283
48 15 0.0007187714349234156
48 16 0.001412067761263649
48 17 0.0031015326561704185
48 18 0.005956999414345047
48 19 0.011283073980392671
48 20 0.02346154760362017
48 21 0.04450240253320727
48 22 0.07065272139436284
48 23 0.10018327123883133
48 24 0.12441105230614169
48 25 0.15838886348201758
48 26 0.19376901727080545
48 27 0.24037723498113073
48 28 0.34131236108299645
48 29 0.6426012543370827
48 30 0.7047353631902369
48 31 0.7736592333998941
48 32 0.8181498117132692
48 33 0.8849785364515701
48 34 0.9581372037597932
48 35 1.0088429763736582
48 36 1.01639508280002
48 37 1.1211861928918034
48 38 1.1735905526465604
48 39 1.2473295733905876
48 40 1.3378609360762053
49 0 2.4029310057070524e-09
49 1 5.073334855782898e-09
49 2 6.511945550940146e-09
49 3 7.591424638725888e-09
49 4 8.816581422406254e-09
49 5 1.4326631862312746e-08
49 6 4.308712952104535e-08
49 7 3.823561959880757e-08
49 8 8.878672115551535e-08
49 9 2.4550603267524287e-05
49 10 1.1613950872467077e-05
49 11 2.226487718318527e-05
49 12 5.439755909197191e-05
49 13 0.0001459241034678417
49 14 0.0004714454220455715
49 15 0.0010170822897962344
49 16 0.001986449062553033
49 17 0.003616614907565395
49 18 0.007256889875398713
49 19 0.014093927032450259
49 20 0.02431612264366766
49 21 0.0465963223369936
49 22 0.07297140503911945
49 23 0.09775050346749409
49 24 0.12254208167512742
49 25 0.15405500280388393
49 26 0.1910384953765448
49 27 0.23877910104918784
49 28 0.3308542786754775
49 29 0.595304833607768
49 30 0.6945581395603425
49 31 0.7843565750124775
49 32 0.8253309374742185
49 33 0.8590607929011228
49 34 0.9426092770732621
49 35 0.9979443997297188
49 36 1.0442300448206538
49 37 1.1262200615903888
49 38 1.1466028488443774
49 39 1.2465632201867505
49 40 1.3446368067880161
50 0 2.8485689517117517e-09
50 1 5.974289664075074e-09
50 2 7.3297478963863515e-09
50 3 8.305130600856027e-09
50 4 9.56846809380898e-09
50 5 1.3402478843272996e-08
50 6 2.505471731893969e-08
50 7 8.461297392937924e-08
50 8 7.349237085935024e-07
50 9 1.6043224211857704e-07
50 10 1.7494126684338487e-06
50 11 4.245176559084829e-05
50 12 2.429659653321871e-05
50 13 0.00031253044979472706
50 14 0.0006086236678421181
50 15 0.0007215007431395516
50 16 0.00196642991772819
50 17 0.003450808669118031
50 18 0.0071948783902251665
50 19 0.013528007082170512
50 20 0.02426628237031976
50 21 0.04704020004087429
50 22 0.07428890546804946
50 23 0.10054606089124057
50 24 0.12511749375672016
50 25 0.15641819396053644
50 26 0.19269335025625936
50 27 0.23972836431903025
50 28 0.33858639244498245
50 29 0.6276659224265483
50 30 0.7047148122280915
50 31 0.7757892042198655
50 32 0.8406557475134163
50 33 0.8882541045907351
50 34 0.9519841674074789
50 35 1.0219086069717744
50 36 1.0593095533653814
50 37 1.139449318974726
50 38 1.1903963480608697
50 39 1.2799684715390705
50 40 1.324621352402585
51 0 2.9936944971425116e-09
51 1 7.969438391011383e-09
51 2 8.324873028601792e-09
51 3 9.239042720037601e-09
51 4 2.7269465969850366e-07
51 5 1.444415656277044e-08
51 6 2.376182675316586e-08
51 7 3.604940013664787e-08
51 8 5.841995247829608e-08
51 9 9.501309389075636e-08
51 10 2.1406559940187985e-05
51 11 4.920002542521771e-05
51 12 0.0001181804667245936
51 13 0.00015813458442590056
51 14 0.0004059817253510957
51 15 0.0011306837779759122
51 16 0.0021817193534506385
51 17 0.003959020296843256
51 18 0.008700956103453564
51 19 0.015476005429935782
51 20 0.02721719696387056
51 21 0.050461498402573045
51 22 0.07836503860946244
51 23 0.10375291977770214
51 24 0.1274924392479922
51 25 0.16396072506834208
51 26 0.1957755035195867
51 27 0.25345829088150795
51 28 0.35117831230335095
51 29 0.6378371400142604
51 30 0.7359611906162863
51 31 0.7610984274874604
51 32 0.8158092083494717
51 33 0.8787110533486034
51 34 0.9070360569753162
51 35 1.0369619116792534
51 36 1.0650805513267583
51 37 1.1680852984216294
51 38 1.1731838027754857
51 39 1.258659714245005
51 40 1.3129304573767873
52 0 3.6517481626724994e-09
52 1 7.525093829059816e-09
52 2 9.011154505193702e-09
52 3 1.0352351388225834e-08
52 4 1.2870904088632215e-08
52 5 1.3245732903164384e-08
52 6 3.498052523208624e-08
52 7 3.7524935684186564e-08
52 8 1.0605082704939995e-07
52 9 1.0229772055573047e-07
52 10 9.840631148334819e-06
52 11 7.772327152613563e-05
52 12 7.561646987340333e-05
52 13 0.00031623336065106063
52 14 0.0007817005764075457
52 15 0.0012339123284633017
52 16 0.002740807841526235
52 17 0.005039537686239385
52 18 0.008468215948243811
52 19 0.017364991470023062
52 20 0.03185027491706495
52 21 0.058098433315734256
52 22 0.0788848525546558
52 23 0.10605467442488134
52 24 0.12729583722089508
52 25 0.1597455367843478
52 26 0.20490640064263943
52 27 0.24915442970936638
52 28 0.3554885435387741
52 29 0.6436165887859812
52 30 0.7138416887365148
52 31 0.760054021617653
52 32 0.8096152807406516
52 33 0.8927024513801319
52 34 0.9283025519375131
52 35 1.0164641072307596
52 36 1.0808068900551993
52 37 1.1198642252137645
52 38 1.188157343968811
52 39 1.2747797544193984
52 40 1.2913870159686087
53 0 3.7367331450819794e-09
53 1 8.514772548944934e-09
53 2 9.875357613131418e-09
53 3 1.283690685981791e-08
53 4 1.2812317654066041e-08
53 5 1.614725588362279e-08
53 6 2.359048422741541e-08
53 7 9.605579846698426e-06
53 8 1.4242131599145022e-05
53 9 1.8941863295716567e-05
53 10 2.5130965010845408e-05
53 11 2.4461965552103398e-05
53 12 0.0003240873198243958
53 13 0.00034648608939802725
53 14 0.0007752540964300182
53 15 0.0017663920464764163
53 16 0.002856618568930597
53 17 0.005585622226029378
53 18 0.010906954772848403
53 19 0.019394573864091588
53 20 0.03738150935622046
53 21 0.06441360349465976
53 22 0.08677875282960118
53 23 0.10655150494916715
53 24 0.13324140564804043
53 25 0.16446495796042707
53 26 0.20186700975965174
53 27 0.25961129867871513
53 28 0.375970109636779
53 29 0.6659737002337495
53 30 0.7085350239393456
53 31 0.7695099011326608
53 32 0.842279191326366
53 33 0.8831134664049256
53 34 0.9590117327809802
53 35 0.9706575406864637
53 36 1.049449573222725
53 37 1.1388662936749978
53 38 1.1878755976298263
53 39 1.2505368816623463
53 40 1.313870897593943
54 0 4.491883605942091e-09
54 1 9.041074511849245e-09
54 2 1.1212343212844853e-08
54 3 1.2317559311390978e-08
54 4 1.4086913923027985e-08
54 5 1.579049082130558e-08
54 6 1.8102062467156665e-05
54 7 3.8467127665301486e-08
54 8 4.256562394169197e-05
54 9 9.73115252322782e-06
54 10 7.950452610260403e-06
54 11 0.000139812082329953
54 12 0.0002956292477366723
54 13 0.00054501068855087
54 14 0.0009151264405715055
54 15 0.0022696892868536056
54 16 0.0036323127197898466
54 17 0.007097491248608851
54 18 0.012911935736195005
54 19 0.025254127219323293
54 20 0.043992051162718836
54 21 0.06722834623953847
54 22 0.08978581677601728
54 23 0.1099593739409105
54 24 0.13953704896207883
54 25 0.15839170568638675
54 26 0.2079152101468961
54 27 0.2671936261928447
54 28 0.3804005705715671
54 29 0.6354636843118099
54 30 0.712431592308004
54 31 0.7423301348729943
54 32 0.8176734975898685
54 33 0.8812372060662516
54 34 0.9415797624589962
54 35 0.9898511184871434
54 36 1.0681279997256852
54 37 1.1537035693337994
54 38 1.2040674091471515
54 39 1.252229416584536
54 40 1.3398745221111261
55 0 4.538985133683231e-09
55 1 1.0112299591306399e-08
55 2 1.239598583685273e-08
55 3 1.3283665401712778e-08
55 4 1.683874779386309e-08
55 5 1.7911543156661726e-08
55 6 2.64655730847001e-08
55 7 5.0640995642387476e-08
55 8 1.11785017788822e-05
55 9 2.142488658432078e-05
55 10 0.00010757840463895329
55 11 6.378149577098972e-05
55 12 0.0003239380135515896
55 13 0.0004461490692831929
55 14 0.0012213661927521586
55 15 0.002375824235294043
55 16 0.0044735081809011605
55 17 0.0076926903256750055
55 18 0.015628303189027276
55 19 0.029046847384443526
55 20 0.04873792699327038
55 21 0.07150200732986693
55 22 0.09213428476997078
55 23 0.11333879590475013
55 24 0.1394724837235142
55 25 0.16319662439279253
55 26 0.2057246430078674
55 27 0.26964584821015053
55 28 0.39335576323371213
55 29 0.6560289685437417
55 30 0.7060075956923875
55 31 0.773407398331592
55 32 0.8021998924169577
55 33 0.8739247328798184
55 34 0.948083719371346
55 35 0.977777670119457
55 36 1.0557810598269477
55 37 1.13749767655294
55 38 1.1821060917655553
55 39 1.2449224120358489
55 40 1.338924981621702
56 0 5.156002530007471e-09
56 1 1.1441834542880528e-08
56 2 1.3679041297472316e-08
56 3 1.4778762193073356e-08
56 4 1.5215191844185916e-08
56 5 5.812569724723778e-07
56 6 7.764731741255533e-08
56 7 1.966271144379354e-05
56 8 1.4517333981236882e-07
56 9 4.582235720202817e-05
56 10 8.683131190032643e-05
56 11 0.00012154311803338897
56 12 0.00032697060853408244
56 13 0.0005997750026970845
56 14 0.0013962871446861237
56 15 0.002649584380373762
56 16 0.005465961431138977
56 17 0.010036284381583343
56 18 0.01935204602569479
56 19 0.03672556950574969
56 20 0.054178362092163874
56 21 0.0734523947592015
56 22 0.09767228404318681
56 23 0.11662852062060565
56 24 0.14109838433478936
56 25 0.168947042204165
56 26 0.21381301272249603
56 27 0.2795723356113223
56 28 0.39521365722578455
56 29 0.6472741472978077
56 30 0.7079211795556614
56 31 0.7929161986632945
56 32 0.805580407591953
56 33 0.9090683766640166
56 34 0.9478146698904948
56 35 0.9906463121673127
56 36 1.07706215424528
56 37 1.153426113227949
56 38 1.1854799758035035
56 39 1.257508728135465
56 40 1.3424242904366885
57 0 5.299331391743368e-09
57 1 1.188845948054303e-08
57 2 1.4902663355640084e-08
57 3 1.596865974233301e-08
57 4 1.810341784606215e-08
57 5 2.8069648713842052e-08
57 6 2.8871302489998807e-08
57 7 4.785366272204641e-08
57 8 2.3172927856428708e-05
57 9 6.019983031188936e-05
57 10 8.18414948103758e-05
57 11 0.00014323813279665989
57 12 0.0004016974711561966
57 13 0.001060014215493173
57 14 0.0017714312279221087
57 15 0.0034958568369361153
57 16 0.006819443430316899
57 17 0.01211030057610732
57 18 0.02190044801124837
57 19 0.04382904217098275
57 20 0.06124117381803398
57 21 0.07766272470623016
57 22 0.09600159546732087
57 23 0.12041250569480183
57 24 0.14532043424384408
57 25 0.1768784158782935
57 26 0.22097280913054695
57 27 0.2850201777341183
57 28 0.4529341126193189
57 29 0.6653672892116812
57 30 0.698386628876633
57 31 0.7540964262224614
57 32 0.8183075632163238
57 33 0.8912706274885781
57 34 0.928430831257984
57 35 1.0171342923453548
57 36 1.0731250174071976
57 37 1.1124260278167468
57 38 1.2014627859734714
57 39 1.2477501046672228
57 40 1.3201229938541152
58 0 6.261904466526536e-09
58 1 1.3128501944674334e-08
58 2 1.622445965314594e-08
58 3 1.851894943718581e-08
58 4 1.9094290308142614e-08
58 5 5.7244148318705444e-08
58 6 3.794477931896864e-08
58 7 3.7089966245962275e-07
58 8 8.674169741119822e-08
58 9 1.8185737962282512e-05
58 10 8.658055640484219e-05
58 11 0.00020414938110337584
58 12 0.0006964547415026842
58 13 0.0012826949420426963
58 14 0.0023226138544488314
58 15 0.00439672373001501
58 16 0.008446627384560392
58 17 0.01489122631818625
58 18 0.027732394758374194
58 19 0.046489285602774905
58 20 0.06451632871343861
58 21 0.08333143423745287
58 22 0.10059220263317017
58 23 0.12183025870320971
58 24 0.15062326586405367
58 25 0.1790743754766333
58 26 0.22490876588348593
58 27 0.2937053624585759
58 28 0.5251756259368574
58 29 0.6749639925928784
58 30 0.7355477829284207
58 31 0.7569844108017313
58 32 0.8350947322247848
58 33 0.8772106166057374
58 34 0.9233729724112496
58 35 1.0043652640720935
58 36 1.0493492430528222
58 37 1.1198822201798613
58 38 1.1817181678690776
58 39 1.273487785983828
58 40 1.3232210149027215
59 0 6.842906942578034e-09
59 1 1.4185527602575596e-08
59 2 1.7747551005953606e-08
59 3 2.0008947341463982e-08
59 4 2.4065463422855053e-08
59 5 2.1564704339633698e-06
59 6 7.779342616162096e-08
59 7 1.166716444455768e-05
59 8 9.40375444552421e-07
59 9 0.00011289218354635035
59 10 0.00022383267239866388
59 11 0.00033671196093909393
59 12 0.0007567059542944531
59 13 0.0012952591621211102
59 14 0.0031849086415880463
59 15 0.004954419068002221
59 16 0.010032298893083796
59 17 0.018056055958816385
59 18 0.03367918567716935
59 19 0.050882092755304725
59 20 0.06687763824399616
59 21 0.08459645099781146
59 22 0.10406539444488508
59 23 0.12176701858291031
59 24 0.15313587641866644
59 25 0.18479420814885353
59 26 0.23432266315390649
59 27 0.30894712101643546
59 28 0.6162543421386444
59 29 0.6416442848808735
59 30 0.7039742395560623
59 31 0.7608485500594432
59 32 0.8275775296610336
59 33 0.8835765088606339
59 34 0.9128890065636508
59 35 0.9858625547446409
59 36 1.0875460432646986
59 37 1.1244205193862584
59 38 1.2253807179509248
59 39 1.2533067026296685
59 40 1.3575094858643462
60 0 6.976655735192474e-09
60 1 1.5429486357446092e-08
60 2 1.975376080691179e-08
60 3 2.0434798275363958e-08
60 4 2.4286983856246067e-08
60 5 8.479389065293733e-06
60 6 2.6604320553585542e-05
60 7 3.260439858897422e-05
60 8 6.009547031945406e-05
60 9 0.00014575299183039616
60 10 0.00022590848522387788
60 11 0.0003313131282535341
60 12 0.0008552816275986664
60 13 0.0015232580898460872
60 14 0.0034176141776836766
60 15 0.006316038780273083
60 16 0.012999446506254963
60 17 0.02266236215871937
60 18 0.03930375323981638
60 19 0.05541901160045246
60 20 0.07046567309548295
60 21 0.08914958302740654
60 22 0.1063272300229605
60 23 0.1244440345814002
60 24 0.15397041741651923
60 25 0.1926735361121273
60 26 0.2372478270623129
60 27 0.31237089801275814
60 28 0.6082284898386094
60 29 0.6464141484564992
60 30 0.7118208999614074
60 31 0.7745093957470202
60 32 0.8261710876032655
60 33 0.8588611428323073
60 34 0.9195780725662629
60 35 1.008320765003177
60 36 1.0769384318069277
60 37 1.1152183018391275
60 38 1.1877803381506808
60 39 1.2362693183927291
60 40 1.2962384020473727
61 0 8.480614495574848e-09
61 1 1.7491317651405615e-08
61 2 2.0661450407500996e-08
61 3 4.4522881931404215e-06
61 4 2.6797648982281524e-05
61 5 9.05612287847118e-08
61 6 1.7468626381845462e-07
61 7 8.940341621910348e-08
61 8 5.076069361569659e-05
61 9 0.00011448913505246197
61 10 0.0002974161721386358
61 11 0.00071587477775421
61 12 0.0010770182675818986
61 13 0.002307021411031444
61 14 0.004124895339450418
61 15 0.00842623511225124
61 16 0.015210613527419809
61 17 0.027856020472358644
61 18 0.04470875478698842
61 19 0.05771283589167675
61 20 0.07409150970932506
61 21 0.0886272375889663
61 22 0.10666656218487996
61 23 0.1305034223524737
61 24 0.16183513019026585
61 25 0.19907967517593136
61 26 0.25384134318649587
61 27 0.3352022017803047
61 28 0.625991454114574
61 29 0.6789738418263103
61 30 0.7115631706972877
61 31 0.7624310648973285
61 32 0.8154666267131816
61 33 0.8705696757559755
61 34 0.8986723287009736
61 35 1.0281309985108666
61 36 1.0676937469306458
61 37 1.1249093587331496
61 38 1.1947013509990465
61 39 1.2565327006667184
61 40 1.3211940592901046
62 0 8.500840969941127e-09
62 1 1.8527510930830166e-08
62 2 2.2626700098272486e-08
62 3 2.8285248692328078e-08
62 4 3.29503635887134e-08
62 5 9.571094477096485e-06
62 6 6.380195269551264e-08
62 7 4.025505707114619e-05
62 8 3.61498284022446e-05
62 9 0.00022102767912092318
62 10 0.0005108913903146152
62 11 0.0009580114938103799
62 12 0.0014300529296224966
62 13 0.003050763869052355
62 14 0.0055381278202279146
62 15 0.009864102382166586
62 16 0.019646477104886092
62 17 0.03348031030775829
62 18 0.04758058532087856
62 19 0.06110469763401786
62 20 0.07522324665906872
62 21 0.09123171906405386
62 22 0.11013810150811677
62 23 0.13148480635936782
62 24 0.16150645065378533
62 25 0.20401057622389648
62 26 0.24977921185508523
62 27 0.37910807445433403
62 28 0.6095894002891505
62 29 0.6640628875914328
62 30 0.6952063167642731
62 31 0.7849977679167637
62 32 0.8323870073908647
62 33 0.8942951015153437
62 34 0.9177622718986232
62 35 0.9994083768461951
62 36 1.0560021185940143
62 37 1.1221526130614594
62 38 1.2093632179125549
62 39 1.2860999516190779
62 40 1.3362277982158794
63 0 1.030522519219515e-08
63 1 1.927707804188399e-08
63 2 2.5117086191728015e-08
63 3 2.5736895563521663e-08
63 4 9.76956868216897e-07
63 5 8.384041203633141e-06
63 6 3.6291743692411895e-05
63 7 6.061388028594521e-05
63 8 0.0001149300702987492
63 9 0.00025426624850430503
63 10 0.0005630236242321642
63 11 0.0010301505461304773
63 12 0.0019247275567767337
63 13 0.0037459343350311008
63 14 0.006570715880969617
63 15 0.012726265699633421
63 16 0.02344035320675468
63 17 0.037043222232088814
63 18 0.0489160180765657
63 19 0.06313244856467111
63 20 0.08010287538411769
63 21 0.09391716970112457
63 22 0.11394541777589669
63 23 0.1428995594843272
63 24 0.16329432326794258
63 25 0.21314089905857037
63 26 0.2723395273768633
63 27 0.4224600771463218
63 28 0.5978654758754869
63 29 0.6484262997828755
63 30 0.7261509648987129
63 31 0.7775142974738714
63 32 0.8214165403122397
63 33 0.886789502291397
63 34 0.8945314376612623
63 35 1.0034523104820225
63 36 1.0610873410562196
63 37 1.092992821572556
63 38 1.200271218273783
63 39 1.2639373134491465
63 40 1.3206508935210215
64 0 9.281650948527535e-09
64 1 2.5558821651186393e-08
64 2 2.6187520466508625e-08
64 3 3.1955435061524246e-06
64 4 1.7196658193659958e-05
64 5 3.757610679485441e-05
64 6 8.025180564425574e-06
64 7 4.008959236822713e-05
64 8 0.00023467804962251076
64 9 0.00039154795820719904
64 10 0.0005563245653124293
64 11 0.0014521463859039135
64 12 0.002355540882380189
64 13 0.0040348000043003256
64 14 0.008791083314472252
64 15 0.01607666854614226
64 16 0.027492930230553277
64 17 0.0393422912061275
64 18 0.05251171332510511
64 19 0.06690202693238698
64 20 0.08137366183485498
64 21 0.09783423226786855
64 22 0.1150888180888257
64 23 0.14209499812675883
64 24 0.1729232984082418
64 25 0.21638577454139846
64 26 0.2889607036258913
64 27 0.5236376517387403
64 28 0.6098610725056723
64 29 0.6763158183051923
64 30 0.7042453931053471
64 31 0.7571778896469765
64 32 0.8326502048722956
64 33 0.8915148243344203
64 34 0.9623321617473568
64 35 0.9846183488543621
64 36 1.0603753701028715
64 37 1.1106380123708686
64 38 1.1795360083304869
64 39 1.233726973926609
64 40 1.3364015373265583
65 0 1.0594728361452982e-08
65 1 2.6358549281953025e-08
65 2 3.056299408131298e-08
65 3 3.099744241682606e-08
65 4 1.7104721306406735e-05
65 5 5.623518952228786e-05
65 6 6.614348821364709e-05
65 7 7.614509946776132e-05
65 8 0.00019505807609207236
65 9 0.0004361705270148284
65 10 0.0007457882996179123
65 11 0.001689324044063234
65 12 0.0029305994163873173
65 13 0.005357105585052281
65 14 0.010005040187268154
65 15 0.019962375578772958
65 16 0.030900156296442237
65 17 0.04414519536291173
65 18 0.056297513686733386
65 19 0.07134920823574073
65 20 0.08498753659663547
65 21 0.10260204680269326
65 22 0.11789431716403792
65 23 0.14774773832119767
65 24 0.17768261683899614
65 25 0.22617909646796583
65 26 0.2945395059187987
65 27 0.5624132207535455
65 28 0.6365157357270013
65 29 0.650427934339793
65 30 0.7089892040895318
65 31 0.7555444650920761
65 32 0.8216834578916742
65 33 0.8767644711023533
65 34 0.9492231232678032
65 35 1.0288733508378665
65 36 1.0675460456280979
65 37 1.102424220420819
65 38 1.180943887124587
65 39 1.236271698058509
65 40 1.320758012719336
66 0 1.0848154301206976e-08
66 1 2.582251469611628e-08
66 2 3.015616242202983e-08
66 3 4.0158311587088784e-08
66 4 1.100254779910761e-05
66 5 1.9424713522957867e-05
66 6 2.4196446793427705e-05
66 7 0.00012725346956127785
66 8 0.00019194716024651813
66 9 0.0005025580201390992
66 10 0.000899198708726098
66 11 0.0016911187718701747
66 12 0.0037676681041166633
66 13 0.007202032179400848
66 14 0.014290425939813636
66 15 0.02406341838234986
66 16 0.03360559394899512
66 17 0.04643188421376195
66 18 0.057416998333702646
66 19 0.070626015676521
66 20 0.0870659706370361
66 21 0.10137469775488618
66 22 0.1251022217944358
66 23 0.15311745660136672
66 24 0.18114725651453048
66 25 0.228692321383138
66 26 0.31626427873865864
66 27 0.567857597588259
66 28 0.6030602652114043
66 29 0.6681552767736524
66 30 0.6978141707688789
66 31 0.7637912365149837
66 32 0.8214397183128996
66 33 0.8950121814591632
66 34 0.9369852070809745
66 35 1.0288975055722551
66 36 1.0640097549320842
66 37 1.1368636234011928
66 38 1.2040018419637954
66 39 1.2617004418123512
66 40 1.3186052113448212
67 0 1.2114153948068874e-08
67 1 2.8431130576867762e-08
67 2 3.267219834702644e-08
67 3 8.11742032438018e-06
67 4 3.6223345873723826e-06
67 5 2.0879196462475263e-05
67 6 8.859582015838851e-05
67 7 0.0001269038730802394
67 8 0.0002359961220873516
67 9 0.00039967298344922375
67 10 0.0012428726054210634
67 11 0.002170291645194679
67 12 0.004160087027484059
67 13 0.008558029982996427
67 14 0.017187037826309967
67 15 0.027448870942203052
67 16 0.037367478196868885
67 17 0.048915974770146115
67 18 0.06182057517181289
67 19 0.07374369980163968
67 20 0.0888376741496165
67 21 0.10834627565777437
67 22 0.12665186842878035
67 23 0.15279755528723726
67 24 0.18697039759958983
67 25 0.24738061024121485
67 26 0.36826447766664877
67 27 0.5620949697204309
67 28 0.6144814841921656
67 29 0.6609264403807873
67 30 0.7033425812293748
67 31 0.7737651191516141
67 32 0.8217324367431087
67 33 0.896001445265386
67 34 0.9334324353629311
67 35 0.9963201447689893
67 36 1.0812514439565595
67 37 1.1093769479179931
67 38 1.1637290565979908
67 39 1.292127283419695
67 40 1.3255435890906975
68 0 1.2391172309506737e-08
68 1 3.3548150009179434e-08
68 2 1.3052860281187138e-05
68 3 4.388826964481447e-06
68 4 1.4838875901826947e-05
68 5 1.9678621428591962e-05
68 6 5.531261758385333e-05
68 7 0.0001352228804623803
68 8 0.0003335993860083469
68 9 0.0006593162787059013
68 10 0.0012693843440110993
68 11 0.0022892288050268706
68 12 0.005156262188522699
68 13 0.011010864611314522
68 14 0.019820141038323375
68 15 0.029507664014459214
68 16 0.0381053751260393
68 17 0.050526002184949625
68 18 0.06199981244130108
68 19 0.07489968369091732
68 20 0.0910095328082111
68 21 0.11055980069332523
68 22 0.12622546781026114
68 23 0.16011799855407854
68 24 0.19538991760296837
68 25 0.25291120273973117
68 26 0.4322999726235498
68 27 0.5746292160126482
68 28 0.6221994408490402
68 29 0.674166174868713
68 30 0.7020931597489385
68 31 0.7422449466677248
68 32 0.8099069580420012
68 33 0.8917647715872971
68 34 0.9277417211252798
68 35 1.0098004224729198
68 36 1.0968283619332082
68 37 1.1300239992366559
68 38 1.1799189312818628
68 39 1.2389365705484425
68 40 1.3195757404539121
69 0 1.5892770696576333e-08
69 1 3.008678110877669e-08
69 2 3.207314257294908e-06
69 3 2.0443133306000096e-07
69 4 1.0726314260182366e-05
69 5 7.132268411915621e-05
69 6 0.00012011512956396333
69 7 0.0001589055206869387
69 8 0.00039969433143686756
69 9 0.0007335859740084514
69 10 0.0017750078300932508
69 11 0.0035583636993232744
69 12 0.005785993146054768
69 13 0.013551744178388244
69 14 0.022247450586265118
69 15 0.031780396201648124
69 16 0.04081539463256216
69 17 0.053887598668508965
69 18 0.06313094801838098
69 19 0.07711919015624234
69 20 0.0908127857736334
69 21 0.11059275612698362
69 22 0.13271079328670052
69 23 0.16546833005643163
69 24 0.19738977279366351
69 25 0.27677533936169596
69 26 0.49597651529550324
69 27 0.5587072068648667
69 28 0.6190322642826854
69 29 0.665442922012107
69 30 0.7106659464628079
69 31 0.7593239611148122
69 32 0.8280956056747875
69 33 0.8694590845684917
69 34 0.9556543860266702
69 35 0.9836714723087014
69 36 1.0495914635669563
69 37 1.1303916115883847
69 38 1.1874609077507636
69 39 1.2563803252646142
69 40 1.3187460322836035
70 0 2.1198406166720427e-06
70 1 4.955147993082446e-06
70 2 1.266642380097818e-05
70 3 1.786706802774513e-05
70 4 9.192815830289505e-06
70 5 4.085331762157185e-05
70 6 0.00012732699462332932
70 7 0.00018550189962671427
70 8 0.0004744437977335189
70 9 0.0010849974220705893
70 10 0.0018840225981354476
70 11 0.003879336070167186
70 12 0.007134197981099492
70 13 0.01423848715180431
70 14 0.022618111576502672
70 15 0.03210101354857921
70 16 0.04283162600579372
70 17 0.05484885947473217
70 18 0.06703625456016529
70 19 0.08047386289849816
70 20 0.09598012670736361
70 21 0.11376335389711863
70 22 0.13677623229728098
70 23 0.170283575985655
70 24 0.21380541631533928
70 25 0.3047761237918841
70 26 0.5257020326103947
70 27 0.5548620681632993
70 28 0.6139014010860052
70 29 0.6687810331123826
70 30 0.7089960859118523
70 31 0.7679328482322979
70 32 0.8319016066106009
70 33 0.8905012050751113
70 34 0.9716551612212679
70 35 0.980195541126913
70 36 1.0762695753185585
70 37 1.1223172678852869
70 38 1.1843476758513374
70 39 1.2350357463505335
70 40 1.315353618767619
71 0 1.6986719017822104e-08
71 1 1.1373012725821333e-07
71 2 7.048343471491924e-06
71 3 5.62506722034057e-06
71 4 2.3390081108885018e-05
71 5 7.307907180979927e-05
71 6 0.00015246101432857517
71 7 0.0002636688508585868
71 8 0.0005280191894982233
71 9 0.0011827252633032441
71 10 0.002024018431984579
71 11 0.004259116732071658
71 12 0.008096121953326232
71 13 0.016194010748639937
71 14 0.024408317441549653
71 15 0.03394051974215701
71 16 0.044929827917325006
71 17 0.05680000848757634
71 18 0.06862503083630034
71 19 0.08136047982280506
71 20 0.09884592603730186
71 21 0.11881956069040443
71 22 0.1429530346966496
71 23 0.17681184990722895
71 24 0.22764700471615687
71 25 0.34308135946379925
71 26 0.5088576986251843
71 27 0.5521546307997349
71 28 0.6138388048141498
71 29 0.667917563877057
71 30 0.7253284927031367
71 31 0.7515453754012088
71 32 0.806626579620409
71 33 0.8712790871830762
71 34 0.93405615817821
71 35 1.0072889211569007
71 36 1.0565315797695418
71 37 1.1321674026859467
71 38 1.1919474511614088
71 39 1.2690193472254954
71 40 1.3272161677471488
72 0 9.309035267809293e-07
72 1 2.2796675025461834e-06
72 2 3.739838100120916e-06
72 3 1.227875918990862e-05
72 4 2.8996532138300867e-05
72 5 6.773202316305801e-05
72 6 0.0001611906049863057
72 7 0.0003833784160516567
72 8 0.0006943616875420955
72 9 0.0012835000892685246
72 10 0.0026578237998659553
72 11 0.004992535376054369
72 12 0.010279014211570348
72 13 0.01761252200341602
72 14 0.025570479059744106
72 15 0.03509320366241761
72 16 0.046784017320380004
72 17 0.055703401760012705
72 18 0.06944392882527695
72 19 0.08546792742812603
72 20 0.10013480189209813
72 21 0.12201464616091508
72 22 0.14293316222355246
72 23 0.1811842062497656
72 24 0.2405120682753154
72 25 0.41304389557823007
72 26 0.5001955399827633
72 27 0.5517788068296224
72 28 0.5970602476734561
72 29 0.6464575329562222
72 30 0.7006845204617949
72 31 0.7712187124925609
72 32 0.8341236945341601
72 33 0.8687409140057097
72 34 0.9574953416600758
72 35 1.0091966878072627
72 36 1.0432921979801015
72 37 1.1334818967787605
72 38 1.2410636443229215
72 39 1.2223842625757897
72 40 1.3221963975979658
73 0 1.6989612895170194e-08
73 1 3.325863423938365e-06
73 2 2.292013407302214e-06
73 3 2.8583264081372163e-06
73 4 4.631409029516671e-05
73 5 8.696587528448774e-05
73 6 0.00019243170123839796
73 7 0.000508133976161595
73 8 0.0008314312926054387
73 9 0.0014668540023680286
73 10 0.0031742732594504885
73 11 0.005761963972356899
73 12 0.01179964138374372
73 13 0.018174251050126315
73 14 0.026734610319212287
73 15 0.037885396031425614
73 16 0.04792354179067637
73 17 0.059081657661454685
73 18 0.07265140120135989
73 19 0.0866461651719777
73 20 0.10644490763479987
73 21 0.12264566133060512
73 22 0.15000030397787645
73 23 0.1866124857511064
73 24 0.2626988121239965
73 25 0.47248894504056504
73 26 0.5220451259471082
73 27 0.5447153800988986
73 28 0.6032756421051608
73 29 0.6494349283363198
73 30 0.6986242165120952
73 31 0.7626959203923934
73 32 0.8505485916821439
73 33 0.8951160053872258
73 34 0.9261729007377245
73 35 1.018762383245734
73 36 1.074206386647095
73 37 1.1292979107123589
73 38 1.1788635074107674
73 39 1.2536298272006023
73 40 1.3213168471838714
74 0 5.564597016411441e-08
74 1 3.10235470249509e-06
74 2 6.111208751906085e-06
74 3 1.93408389751593e-05
74 4 5.091934544244431e-05
74 5 7.738471212851332e-05
74 6 0.0002322547115938555
74 7 0.000505549451988626
74 8 0.0010162485658379108
74 9 0.0016783488463792465
74 10 0.0037237256225222197
74 11 0.007074445859764927
74 12 0.012662191884278267
74 13 0.01863554031696254
74 14 0.027405934285215396
74 15 0.03780410117436295
74 16 0.049411170600773574
74 17 0.06042636389835527
74 18 0.0728239973748633
74 19 0.08544019931444274
74 20 0.1060562971695826
74 21 0.12567013578270575
74 22 0.15518659042970215
74 23 0.19812734971309523
74 24 0.28900827225515385
74 25 0.46650968060129416
74 26 0.5099414661153693
74 27 0.5653275594758109
74 28 0.6036096302278247
74 29 0.6549478812794222
74 30 0.7056890458751922
74 31 0.7447515021523216
74 32 0.8404627768637761
74 33 0.884623911337997
74 34 0.9649686380457312
74 35 1.0222035723800662
74 36 1.0680343473813396
74 37 1.1022851276829277
74 38 1.1865790405510679
74 39 1.2556049249683017
74 40 1.2656049884394491
