14 0 1.8501889020529045e-08
14 1 1.5543492812860337e-05
14 2 2.591910944075701e-05
14 3 4.2073675897948635e-05
14 4 8.659555754008377e-05
14 5 0.00019928409291292663
14 6 0.0002915181099862969
14 7 0.0006017903555917008
14 8 0.0012502343047815824
14 9 0.002549327068627113
14 10 0.00515972988922997
14 11 0.01021407168585881
14 12 0.01440070499998227
14 13 0.020267463575997558
14 14 0.026213835002979153
14 15 0.03352275571248181
14 16 0.04125045097343384
14 17 0.05311006024078938
14 18 0.06581703955196888
14 19 0.08032083672393965
14 20 0.10304563454028744
14 21 0.12444825319360225
14 22 0.15121576178711857
14 23 0.1884240660863994
14 24 0.2468149775155654
14 25 0.4686177756080052
14 26 0.5209581997454228
14 27 0.5519667276940189
14 28 0.5960675118236156
14 29 0.6482267676699995
14 30 0.7332976419059838
14 31 0.7673662404535553
14 32 0.8252638145807587
14 33 0.8728991195823553
14 34 0.9487134675296478
14 35 0.9682716210937259
14 36 1.0417450819018603
14 37 1.1409910652492465
14 38 1.1660719170285074
14 39 1.2620944177015838
14 40 1.2634098121315385
15 0 3.7118663101708575e-06
15 1 9.354946856736146e-09
15 2 2.200982136924046e-05
15 3 4.446972308962498e-05
15 4 7.222952082491086e-05
15 5 0.0001241387927201311
15 6 0.0003144290898010691
15 7 0.0005929744290578753
15 8 0.0010749744253748643
15 9 0.0022173864046472966
15 10 0.004551621221986683
15 11 0.008493221540779455
15 12 0.013888442414009765
15 13 0.01900446236185027
15 14 0.02512964571689612
15 15 0.031898779212395076
15 16 0.04035954565612501
15 17 0.05032521546622868
15 18 0.06372603656235899
15 19 0.08092733454570457
15 20 0.09873747678324583
15 21 0.12215717676951883
15 22 0.146516270641654
15 23 0.19190524032675027
15 24 0.23635211253291627
15 25 0.4515381947169643
15 26 0.5075956829198718
15 27 0.5587483553282804
15 28 0.6169270492495394
15 29 0.6633118336594706
15 30 0.7103234954190071
15 31 0.752490278480203
15 32 0.8464869926387706
15 33 0.862001144762461
15 34 0.9185228474568248
15 35 0.9959760048075476
15 36 1.0987990436578785
15 37 1.1371046187668523
15 38 1.1925477506524709
15 39 1.240360703720074
15 40 1.3268683601616282
16 0 3.7191041451767444e-09
16 1 2.2154731409089267e-06
16 2 2.7754636705891117e-05
16 3 4.689883081879597e-05
16 4 4.324443072191989e-05
16 5 9.69998598095538e-05
16 6 0.00026922474278166157
16 7 0.000482812446452451
16 8 0.000960239856825687
16 9 0.001936113638252749
16 10 0.0037480683376042265
16 11 0.008005393932023853
16 12 0.013088764467039661
16 13 0.01786130029024435
16 14 0.025103878347301982
16 15 0.03163584715983595
16 16 0.04041094866190635
16 17 0.05172488777121175
16 18 0.06140476596484607
16 19 0.0782713846554301
16 20 0.09437126763880556
16 21 0.12185306675851948
16 22 0.14889853704100042
16 23 0.18447266216786734
16 24 0.22535298661777264
16 25 0.4688148005160521
16 26 0.49268316445012494
16 27 0.5661647997463022
16 28 0.6019394749879595
16 29 0.6607998975213982
16 30 0.7109088043699427
16 31 0.7693805450945648
16 32 0.8268156026795552
16 33 0.9084869647184265
16 34 0.9464262909332128
16 35 1.002606951839499
16 36 0.995703322882159
16 37 1.1341765828817238
16 38 1.1702275424253956
16 39 1.2727099583447368
16 40 1.3204818007732877
17 0 5.895901682038786e-07
17 1 2.2432758823943347e-06
17 2 9.542905894669438e-06
17 3 1.9311196857677907e-05
17 4 6.16132560134066e-05
17 5 7.398948708322026e-05
17 6 0.00028152874415889105
17 7 0.00038954199537830997
17 8 0.0010289345218473522
17 9 0.0017827342456274537
17 10 0.003378163580879041
17 11 0.006778748195813543
17 12 0.011513024546619986
17 13 0.017892065749857827
17 14 0.02367400470982991
17 15 0.030932678333726035
17 16 0.03925063156081041
17 17 0.050476637500870676
17 18 0.06360760903219313
17 19 0.077560693504182
17 20 0.09750426688751472
17 21 0.11632534844789424
17 22 0.14614505840262215
17 23 0.18185870207461527
17 24 0.22524854342610134
17 25 0.38704475864501653
17 26 0.517997131658413
17 27 0.5685713310045052
17 28 0.6020049908691656
17 29 0.6661967712217663
17 30 0.7192795105835199
17 31 0.7595536722391019
17 32 0.8051764455748305
17 33 0.8784998382202771
17 34 0.8945519725785017
17 35 1.0208370724162346
17 36 1.0543396491126293
17 37 1.1333036757272512
17 38 1.2169182932549607
17 39 1.2526563750978053
17 40 1.2917217163285422
18 0 2.626065904768913e-09
18 1 8.509749417890391e-06
18 2 8.042412849580445e-06
18 3 1.635563233200241e-05
18 4 4.321966637475239e-05
18 5 6.77090311521685e-05
18 6 0.0002387773255156645
18 7 0.00034846883820310295
18 8 0.0008182186476089163
18 9 0.0015701082143501578
18 10 0.0028345927351792477
18 11 0.00610574578305794
18 12 0.011447453545125353
18 13 0.01686762339248915
18 14 0.022964710897440472
18 15 0.02958688466188072
18 16 0.03871380381799079
18 17 0.047539145937359875
18 18 0.060889573065514915
18 19 0.07472703220244306
18 20 0.09370487690034464
18 21 0.11226662869324065
18 22 0.13971375158880184
18 23 0.17399306050988841
18 24 0.21732120682318767
18 25 0.32565228447278394
18 26 0.5094868623761295
18 27 0.5497343096191009
18 28 0.599555008662041
18 29 0.6615647268746719
18 30 0.716635089698919
18 31 0.769782034073204
18 32 0.7948930931891208
18 33 0.9069902471133422
18 34 0.9537804005108906
18 35 0.9824795810903015
18 36 1.0641639869209587
18 37 1.1325318411340646
18 38 1.180428350958906
18 39 1.2672680272435477
18 40 1.3254189552266489
19 0 4.297021632061529e-06
19 1 4.566175444268535e-08
19 2 1.2630888985095462e-05
19 3 2.3596240631508787e-05
19 4 2.219345784241737e-05
19 5 7.872201247950317e-05
19 6 0.00015868492649343614
19 7 0.0003103109579753737
19 8 0.000614581967937109
19 9 0.001269224040814792
19 10 0.0023329475310936705
19 11 0.00484080513917743
19 12 0.00960194770284236
19 13 0.015550076048185382
19 14 0.021973142811463255
19 15 0.02972012161937709
19 16 0.03733588820389388
19 17 0.04696336289334577
19 18 0.0592844452225022
19 19 0.07586538198486369
19 20 0.09204043037639828
19 21 0.11105647634614091
19 22 0.13820883572564185
19 23 0.1667337557076438
19 24 0.21211945598834617
19 25 0.3065253367137668
19 26 0.5158690431501994
19 27 0.5540637686344694
19 28 0.5967929987448215
19 29 0.6530960422254968
19 30 0.7095368620347076
19 31 0.7628885623041591
19 32 0.8234755134475147
19 33 0.8923762235010563
19 34 0.9260933847455671
19 35 0.9730695407032773
19 36 1.060160759922674
19 37 1.1074535562552696
19 38 1.2034341032830687
19 39 1.2501644502264142
19 40 1.3182266985748756
20 0 1.5074323327237408e-09
20 1 3.541843521212943e-06
20 2 1.5117208080158897e-05
20 3 2.0021101534226058e-05
20 4 2.829479676154008e-05
20 5 4.0782741134342845e-05
20 6 0.00013405981287209335
20 7 0.00023171589401966766
20 8 0.00048627780522763687
20 9 0.001148799239910647
20 10 0.002126329162434751
20 11 0.0040020091297211634
20 12 0.008292594967728181
20 13 0.014401079792725082
20 14 0.02085981927032332
20 15 0.02785934128113704
20 16 0.03627552034184199
20 17 0.0466413061273322
20 18 0.05760941526850909
20 19 0.07323676899011505
20 20 0.09043632507759483
20 21 0.11102585815516809
20 22 0.13253484309329264
20 23 0.1660356734898813
20 24 0.2008173979941257
20 25 0.2898400029668096
20 26 0.5100744978025996
20 27 0.5503266542664874
20 28 0.596103829940623
20 29 0.6609101881111744
20 30 0.7095503635014998
20 31 0.7659023573400662
20 32 0.8164510843109678
20 33 0.8813672680171337
20 34 0.9377639827964244
20 35 1.0348111269807962
20 36 1.0830188624300108
20 37 1.130738343181224
20 38 1.2010738133647387
20 39 1.252330674366345
20 40 1.2917025186533957
21 0 1.8518113330654989e-06
21 1 3.0788770427990796e-09
21 2 5.8010185484482284e-09
21 3 2.0481442716623296e-05
21 4 4.191519233330043e-05
21 5 3.727326519499338e-05
21 6 0.00011654895832272154
21 7 0.0001813842328947578
21 8 0.0004982288622517729
21 9 0.0009698369394520675
21 10 0.0017185604098035356
21 11 0.003201499338392771
21 12 0.006678807458505258
21 13 0.013355472484410654
21 14 0.019688731970414604
21 15 0.0268577571604078
21 16 0.03525794088742866
21 17 0.04431415284416025
21 18 0.057882702457011055
21 19 0.07123721819336841
21 20 0.0906216134190733
21 21 0.10864233244505961
21 22 0.13040634547375987
21 23 0.16057959695188695
21 24 0.20354614148223282
21 25 0.2695973314384555
21 26 0.5049950195231785
21 27 0.5627182056645803
21 28 0.6077406380990389
21 29 0.6673741017182868
21 30 0.6998548003286648
21 31 0.7431742385822323
21 32 0.8281913827881341
21 33 0.8931484201332324
21 34 0.9389536559141878
21 35 0.9836828822765761
21 36 1.054532003567745
21 37 1.120214131082558
21 38 1.2092397891438653
21 39 1.2282634477548786
21 40 1.3190424828531941
22 0 1.4896712771801279e-09
22 1 4.619606891104695e-09
22 2 4.4341357611122844e-06
22 3 1.4538437818254213e-05
22 4 3.556856284584339e-05
22 5 1.7951159537593414e-05
22 6 9.599330132839784e-05
22 7 0.00018501791542478816
22 8 0.00040274252862613976
22 9 0.0007335942652985176
22 10 0.0015586593056608404
22 11 0.003196616127613777
22 12 0.005344591682439845
22 13 0.010854701320602187
22 14 0.017775087371723623
22 15 0.025389538752599878
22 16 0.03410663135515781
22 17 0.044368146046877256
22 18 0.05682040168370122
22 19 0.06945958478813644
22 20 0.08631810636860988
22 21 0.10731215909271416
22 22 0.12995309401522487
22 23 0.15731177120284015
22 24 0.19161959736516695
22 25 0.26352673022360695
22 26 0.5066299543114458
22 27 0.5548096455481005
22 28 0.6143576417865705
22 29 0.6497429631773064
22 30 0.7230767696712499
22 31 0.7720223451437849
22 32 0.8065948086365451
22 33 0.8847211599381526
22 34 0.953494062919381
22 35 0.9880017091152551
22 36 1.005126037922647
22 37 1.164202600182952
22 38 1.214864877601302
22 39 1.2388762560297788
22 40 1.2717706944205824
23 0 3.1609011418708527e-06
23 1 3.4295225561170254e-09
23 2 4.856413500428526e-09
23 3 1.232639078549595e-08
23 4 1.0244343363900239e-05
23 5 3.593580887218416e-05
23 6 8.3263364275917e-05
23 7 0.00013641409194150352
23 8 0.00022508076602905297
23 9 0.0005729892056245055
23 10 0.0011113198861152059
23 11 0.002259669379264488
23 12 0.003902150081115525
23 13 0.008273441243599144
23 14 0.015889193030677685
23 15 0.024698482036894266
23 16 0.03240205761491126
23 17 0.04301747421905986
23 18 0.055968409583449966
23 19 0.06742310458581462
23 20 0.08284140032107257
23 21 0.10522026001274276
23 22 0.12734708153958327
23 23 0.15371822607052474
23 24 0.19827282966329132
23 25 0.25265880234084603
23 26 0.4174776819207953
23 27 0.549506879591648
23 28 0.6096604798289974
23 29 0.6573329799946823
23 30 0.7034381488429832
23 31 0.7484456993534859
23 32 0.820305058973211
23 33 0.8833242067879687
23 34 0.9645897656749343
23 35 0.9971538784023837
23 36 1.0743091776211973
23 37 1.1160536332168745
23 38 1.2139944303234926
23 39 1.268676587224438
23 40 1.3198102544778176
24 0 1.129832113552678e-09
24 1 2.2677577922258106e-09
24 2 3.6116332493979955e-06
24 3 3.8013260653112536e-06
24 4 2.319199256953658e-05
24 5 2.4068272532572102e-05
24 6 3.1915044573180394e-05
24 7 0.00012602698675846728
24 8 0.00024053198666407614
24 9 0.0003833376971468821
24 10 0.0010986986893268668
24 11 0.0018838369680792197
24 12 0.003661563052845459
24 13 0.006477697419723461
24 14 0.01253254009452993
24 15 0.02206824964585323
24 16 0.03227979617653719
24 17 0.041006696950717784
24 18 0.05280709751901302
24 19 0.06695560501969038
24 20 0.08380169451663237
24 21 0.10247961381356888
24 22 0.12377292034924614
24 23 0.1504475011422644
24 24 0.1838297705191963
24 25 0.24643040448917394
24 26 0.3714883004013857
24 27 0.5692399710063181
24 28 0.6026477452336246
24 29 0.6535929344935457
24 30 0.6990520188740812
24 31 0.7778996332548672
24 32 0.803795178244811
24 33 0.8645223121459614
24 34 0.9675841845624548
24 35 1.0083544598081402
24 36 1.0840951678072994
24 37 1.1434863488061169
24 38 1.1962463160140473
24 39 1.2298039713724847
24 40 1.30734747175363
25 0 7.992972228645134e-10
25 1 8.297302498898613e-09
25 2 4.0059169944244855e-09
25 3 1.8013006789160846e-08
25 4 1.2215381410657639e-05
25 5 2.2978656369526872e-05
25 6 3.0784335707528496e-05
25 7 9.030164967422902e-05
25 8 0.0001629626589582505
25 9 0.00032695278113876406
25 10 0.0008636892818209486
25 11 0.0014062609623753082
25 12 0.0029722852183254487
25 13 0.005709864008043324
25 14 0.010193914410664959
25 15 0.01982582669946579
25 16 0.02907634826940083
25 17 0.038489946510235164
25 18 0.05268484005829971
25 19 0.06552302887316949
25 20 0.0844532279184832
25 21 0.1020249396013204
25 22 0.11904732958323348
25 23 0.14533808952922858
25 24 0.18180619185823257
25 25 0.2424579088964686
25 26 0.3536857416613474
25 27 0.5530078910152937
25 28 0.5873130792334496
25 29 0.6557803363975996
25 30 0.7265214422066731
25 31 0.7573935199746297
25 32 0.8022830026486487
25 33 0.8974619802002828
25 34 0.9573320914264372
25 35 1.0081585519997682
25 36 1.06593959224873
25 37 1.137044734015933
25 38 1.2046855441394517
25 39 1.2331201995728656
25 40 1.282447351758633
26 0 3.4580707496758853e-06
26 1 1.8259524635919858e-09
26 2 3.0151420494009358e-09
26 3 1.224405050363945e-05
26 4 1.5106986968182987e-08
26 5 1.5592604936396537e-05
26 6 6.95976556294128e-05
26 7 9.904854644450024e-05
26 8 0.00016892498575473604
26 9 0.000275270067301767
26 10 0.0006137774036448977
26 11 0.0012248474821113515
26 12 0.002308282867297209
26 13 0.004046982065726128
26 14 0.008188722812377614
26 15 0.016467100119636542
26 16 0.027627844359871433
26 17 0.037273263298402706
26 18 0.04966390727266162
26 19 0.06311906463486687
26 20 0.08144021898878487
26 21 0.09939894799154307
26 22 0.11960784814094484
26 23 0.14722626101109437
26 24 0.17417862453799504
26 25 0.2365018119855723
26 26 0.32713057414893043
26 27 0.5637370668608446
26 28 0.6024881230596134
26 29 0.6603771993009862
26 30 0.6940237634490884
26 31 0.7707534307651667
26 32 0.8146088861994029
26 33 0.8514100411217339
26 34 0.9559042329638685
26 35 0.9949562644692541
26 36 1.0610345614086323
26 37 1.122330784678744
26 38 1.185041075213207
26 39 1.2660986420216174
26 40 1.30712267948203
27 0 6.583264919498828e-10
27 1 1.5058669164967592e-09
27 2 2.3848019802268005e-09
27 3 6.825681759208963e-09
27 4 2.3120627365645643e-08
27 5 3.7655896382872853e-05
27 6 9.765061242662121e-06
27 7 5.5185282752122335e-05
27 8 0.00015562823142043332
27 9 0.00029739281724414085
27 10 0.0005797169687421187
27 11 0.0010163563916395408
27 12 0.001818472548637678
27 13 0.003416932202985167
27 14 0.006188456686896863
27 15 0.012274230748989685
27 16 0.023295901683275274
27 17 0.03430054125721743
27 18 0.046805866257281704
27 19 0.06217168871001128
27 20 0.07612753871961102
27 21 0.09589437330809876
27 22 0.11802497606414354
27 23 0.14722410849186549
27 24 0.17716297503271977
27 25 0.22378759782458643
27 26 0.30666441187372523
27 27 0.5790410314129116
27 28 0.6108648113990447
27 29 0.6620898446916299
27 30 0.7144922101025398
27 31 0.7620102001676525
27 32 0.8232359166517388
27 33 0.8723495289279721
27 34 0.9412357292347615
27 35 0.9872983870564745
27 36 1.0405411226302188
27 37 1.1020829032713129
27 38 1.2081277143862177
27 39 1.260350143153028
27 40 1.314527424845504
28 0 6.133578938151016e-10
28 1 1.8121839309158413e-09
28 2 3.4221779379800053e-09
28 3 5.780392831362679e-09
28 4 1.086936095206679e-08
28 5 2.929662566498773e-07
28 6 1.1645878336288698e-05
28 7 3.4895672886216836e-05
28 8 0.00011158666076622139
28 9 0.00016543191024198553
28 10 0.00041354947518999134
28 11 0.0008581374899998046
28 12 0.0016908150077023893
28 13 0.002748399868102563
28 14 0.0051834431432336864
28 15 0.00998799984960669
28 16 0.019826613932536163
28 17 0.03281073836604468
28 18 0.044798192660012316
28 19 0.05953443939804596
28 20 0.07508997162970903
28 21 0.09308385663427636
28 22 0.11563833396370662
28 23 0.1380336514039994
28 24 0.17039540050087568
28 25 0.2171913641742408
28 26 0.2953992392404753
28 27 0.5585012153850117
28 28 0.61053841152328
28 29 0.6554220103187961
28 30 0.702571960887388
28 31 0.7801037482454741
28 32 0.8366007599163957
28 33 0.8796206752259516
28 34 0.9466131019013219
28 35 0.9815301988402841
28 36 1.025759689083285
28 37 1.1429426853340423
28 38 1.1720000112027646
28 39 1.2509127076891384
28 40 1.2846405585312761
29 0 4.895961005232723e-10
29 1 1.3068188410085353e-09
29 2 1.5170320251756228e-09
29 3 5.114871630212244e-09
29 4 8.019287781005129e-06
29 5 1.4412737006083444e-08
29 6 6.383390644864403e-08
29 7 2.0964767659920468e-05
29 8 5.881538701171678e-05
29 9 9.683384798249284e-05
29 10 0.000210365386764189
29 11 0.0005608564006090426
29 12 0.0010948347174892558
29 13 0.00229237118976878
29 14 0.004331936239133317
29 15 0.007477034654350644
29 16 0.01518697903921504
29 17 0.029316791264289536
29 18 0.04167722282968543
29 19 0.058036748743152955
29 20 0.07398525375714028
29 21 0.09307747933226895
29 22 0.11266391990899421
29 23 0.13635264750054465
29 24 0.17020093921847437
29 25 0.21153576277586109
29 26 0.2904413129566455
29 27 0.478744633206592
29 28 0.6000662319491181
29 29 0.6621262836863356
29 30 0.7164997323805136
29 31 0.74240472474442
29 32 0.8191571474591719
29 33 0.8894837724491877
29 34 0.9380467785203149
29 35 1.0096771271427099
29 36 1.0676943993814374
29 37 1.1161926433708995
29 38 1.1597486378994786
29 39 1.2340142273889465
29 40 1.3080871087135668
30 0 3.8808190185657246e-10
30 1 1.8317870049048328e-09
30 2 1.5738996727571972e-09
30 3 5.496360582483597e-09
30 4 2.9312775396273924e-06
30 5 2.2658515820348256e-05
30 6 4.115186521250252e-06
30 7 1.6279537424181483e-05
30 8 2.663084811534764e-05
30 9 7.722526798092084e-05
30 10 0.00015674668566829605
30 11 0.00045718448443588243
30 12 0.0007291206848672712
30 13 0.0017109505048008575
30 14 0.003174331379563891
30 15 0.00636607212594451
30 16 0.011945960172560544
30 17 0.021703877057641926
30 18 0.03829277930573038
30 19 0.05426665023738374
30 20 0.07002718480386376
30 21 0.09012807539589333
30 22 0.11092506751379037
30 23 0.1358392021944618
30 24 0.16698206718197453
30 25 0.21035366854721138
30 26 0.2756929318092808
30 27 0.4299577510219572
30 28 0.6009754761294936
30 29 0.6459334823834276
30 30 0.7085441245173882
30 31 0.7568186632972649
30 32 0.8424647124586611
30 33 0.8677985838198964
30 34 0.9350079294851755
30 35 0.9734459391232434
30 36 1.0651021315414881
30 37 1.1172588770418554
30 38 1.1720333869374222
30 39 1.2601562302641975
30 40 1.3208168587410078
31 0 5.245149461815127e-10
31 1 1.8450913761192675e-09
31 2 2.0247822966612253e-09
31 3 6.606076582211981e-09
31 4 6.837178849476006e-09
31 5 1.4630557382338308e-08
31 6 1.8658675569237836e-05
31 7 1.407291262645053e-05
31 8 3.7119981967938645e-05
31 9 2.7443567038777066e-05
31 10 0.00013326830986116879
31 11 0.00019535079049709335
31 12 0.0007521115009551115
31 13 0.001231206130714445
31 14 0.0026802382574592594
31 15 0.004364388212911033
31 16 0.00844537987209923
31 17 0.017986831720263878
31 18 0.03216600877855078
31 19 0.04920247065111195
31 20 0.06765901551163472
31 21 0.08728023424482642
31 22 0.10874629328921173
31 23 0.13071690943198394
31 24 0.16619207668305522
31 25 0.2065219863621503
31 26 0.2741823450461562
31 27 0.3833222484667001
31 28 0.6028509136665383
31 29 0.66230053271037
31 30 0.7014089243091743
31 31 0.7482218430370156
31 32 0.8320189044803128
31 33 0.9026977479148407
31 34 0.932765783833265
31 35 1.0013261686874755
31 36 1.0538084452278544
31 37 1.1303858402468614
31 38 1.1919548192951643
31 39 1.2504850122520645
31 40 1.3328444222106235
32 0 4.1350367496210314e-10
32 1 8.209876699457028e-10
32 2 2.1367414110499884e-09
32 3 4.064673840018594e-09
32 4 5.662004747665106e-06
32 5 1.2518986769464099e-08
32 6 2.698751732176165e-08
32 7 2.1441852244977176e-05
32 8 2.0824267136170514e-05
32 9 6.219056066420411e-05
32 10 0.00012561505913802616
32 11 0.0001915801471122366
32 12 0.000431454206547624
32 13 0.001052812480871011
32 14 0.0020354876895876638
32 15 0.003522567401061149
32 16 0.006985346207248682
32 17 0.012911650939687113
32 18 0.027171378075070737
32 19 0.045276563110203144
32 20 0.0647715184406218
32 21 0.08371444685695204
32 22 0.10345859484421065
32 23 0.13371933243395162
32 24 0.16252681173263905
32 25 0.1987564242211218
32 26 0.2605874118653455
32 27 0.3629100110012637
32 28 0.6119623136980173
32 29 0.6512540288614714
32 30 0.7348793685204063
32 31 0.7655275233943912
32 32 0.8185375340511881
32 33 0.8878395277469865
32 34 0.937167572065586
32 35 0.9800157955540914
32 36 1.047278691683639
32 37 1.1202076353298676
32 38 1.1680820095880422
32 39 1.2495528270353191
32 40 1.3198682683083356
33 0 3.7856103032190294e-10
33 1 9.03968891091246e-10
33 2 2.155869704099332e-09
33 3 3.6063793884103637e-09
33 4 2.2171073428020373e-08
33 5 1.0318506011652314e-08
33 6 1.5723421751134604e-05
33 7 1.0393274495533037e-05
33 8 2.7789692418357004e-05
33 9 1.9242271474891764e-05
33 10 0.00010570145703374578
33 11 0.00014235618656381602
33 12 0.00035668591304611124
33 13 0.0008232312844597274
33 14 0.0016893635464594176
33 15 0.0031524521626195615
33 16 0.00585097592796666
33 17 0.010667968062171395
33 18 0.0214220890374702
33 19 0.038246482618344235
33 20 0.058572964251072134
33 21 0.07875587445008705
33 22 0.10196528617099375
33 23 0.12273894661784994
33 24 0.15546813127593154
33 25 0.19469340872119678
33 26 0.2478853098023405
33 27 0.3423739223135709
33 28 0.6198243094939827
33 29 0.653813017489385
33 30 0.705559565971864
33 31 0.7574532238573253
33 32 0.85268153424296
33 33 0.8629671557735068
33 34 0.9514688401201195
33 35 0.9903946747651451
33 36 1.0659492653341132
33 37 1.1298562363844185
33 38 1.2090516417785655
33 39 1.2202917396594926
33 40 1.3567012544853976
34 0 3.7923498095092843e-10
34 1 1.1020908810897185e-09
34 2 1.4502073340457927e-09
34 3 3.1196676617693126e-09
34 4 9.563566460988436e-09
34 5 2.1358588818670437e-08
34 6 2.2551098733611828e-07
34 7 1.0984487776385398e-05
34 8 7.189474664352366e-06
34 9 3.1878399289731547e-06
34 10 4.3025033005378814e-05
34 11 0.0001260124138480176
34 12 0.00023623588586156567
34 13 0.000668567806662087
34 14 0.0011172192956289838
34 15 0.002780421285901307
34 16 0.005134822913566162
34 17 0.008234683786807083
34 18 0.01781841668055386
34 19 0.03131292339712335
34 20 0.05233696731478139
34 21 0.07488894083076618
34 22 0.09709004509086976
34 23 0.12446406177337799
34 24 0.14906821873566206
34 25 0.1931925790965071
34 26 0.244879862399797
34 27 0.32820301324596557
34 28 0.60375298731009
34 29 0.6655390399773502
34 30 0.7027163301771924
34 31 0.7851943000587276
34 32 0.7949857691326774
34 33 0.9083933668828044
34 34 0.973780432958022
34 35 0.991034749206192
34 36 1.0638474489564078
34 37 1.11663256939937
34 38 1.2072040576345742
34 39 1.2809678150503319
34 40 1.3339813160175715
35 0 3.672189847444919e-10
35 1 6.901610253541421e-10
35 2 1.8192685384760208e-09
35 3 2.828166639589407e-09
35 4 5.057386955525112e-09
35 5 1.1465298144679968e-08
35 6 2.3980650180000717e-08
35 7 5.0982950551989585e-08
35 8 1.1003592531285081e-07
35 9 1.4404046839776486e-05
35 10 3.23631532800865e-05
35 11 0.00013510561347408243
35 12 0.0002638244748440528
35 13 0.00047199579224902014
35 14 0.0010329206619946755
35 15 0.0016777451388477625
35 16 0.004010720851016244
35 17 0.007162391914082678
35 18 0.01353360722060803
35 19 0.02422056958747015
35 20 0.045686527109742324
35 21 0.0686722702944183
35 22 0.095524933082472
35 23 0.11722423900968688
35 24 0.14427925141781128
35 25 0.18583978677501728
35 26 0.2243390039777193
35 27 0.3153165354404159
35 28 0.5923613838521323
35 29 0.6752733885260059
35 30 0.7123502873141067
35 31 0.7592998744663433
35 32 0.803809829591244
35 33 0.8755721911811548
35 34 0.939086966486661
35 35 0.9884890748297448
35 36 1.081434340741145
35 37 1.097467469483277
35 38 1.2219200924848166
35 39 1.2884161230266695
35 40 1.317412562787323
36 0 3.920264682762541e-10
36 1 8.020260615264232e-10
36 2 1.8807673774464478e-09
36 3 2.0770171948351954e-09
36 4 4.6480775040564205e-09
36 5 9.734104282226483e-09
36 6 6.835430682298167e-08
36 7 5.5414429681189386e-08
36 8 2.1825132944533735e-06
36 9 7.3095579436846e-06
36 10 1.460182747322716e-05
36 11 7.666170024660058e-05
36 12 0.00017923375815964872
36 13 0.0002920622743766696
36 14 0.0007085061959749478
36 15 0.0017791563698710694
36 16 0.0027185898745657453
36 17 0.0056824813631140125
36 18 0.010915671465225448
36 19 0.020854661757190012
36 20 0.03717311610949953
36 21 0.06523955339245437
36 22 0.09110270535828484
36 23 0.11606326207886775
36 24 0.14145348264009225
36 25 0.18544809730552464
36 26 0.2361127722277567
36 27 0.2987140755984124
36 28 0.5160946381331607
36 29 0.6447008241216318
36 30 0.7130897583809814
36 31 0.7594875710601902
36 32 0.8060926826454734
36 33 0.8518466610070489
36 34 0.942516173547454
36 35 1.0082611512816806
36 36 1.0635385138726734
36 37 1.1189309313143605
36 38 1.198246720238862
36 39 1.2603803292165974
36 40 1.2936185438383472
37 0 3.9135872320131405e-10
37 1 9.031695720217835e-10
37 2 1.4474727527991534e-09
37 3 2.4563685191511124e-09
37 4 5.084548774144906e-09
37 5 1.0958361637965038e-08
37 6 1.6179291772276375e-05
37 7 7.548795065769661e-08
37 8 1.7014272509171495e-05
37 9 1.9191995488996476e-05
37 10 2.5645954757317037e-07
37 11 6.871157552446046e-05
37 12 0.00015697693938569607
37 13 0.0001601967653404554
37 14 0.0007024080035779211
37 15 0.001330007474606549
37 16 0.00237633788777935
37 17 0.004366231674826859
37 18 0.008869695472255199
37 19 0.018348224322069735
37 20 0.032641206487051065
37 21 0.06042680841973811
37 22 0.0855789287766178
37 23 0.11155037292371785
37 24 0.14180229956325052
37 25 0.1722724506968627
37 26 0.22237866776214946
37 27 0.2948812416042013
37 28 0.4733883955586779
37 29 0.6478059878916589
37 30 0.6982127298788153
37 31 0.7863974040380753
37 32 0.8450627494950195
37 33 0.8711066634109992
37 34 0.9572205897665653
37 35 0.9955694579719753
37 36 1.0683633605484157
37 37 1.1430606255234708
37 38 1.1981165665189357
37 39 1.2552516504214692
37 40 1.2956413898653132
38 0 6.48725800058251e-10
38 1 1.0207249300142517e-09
38 2 2.733218418564514e-09
38 3 3.875612654445139e-09
38 4 4.8585501341630394e-09
38 5 8.941407297144577e-09
38 6 1.7728572506162648e-08
38 7 5.508839619402303e-08
38 8 6.493393080876589e-08
38 9 1.1726130709341337e-07
38 10 3.994100686553543e-07
38 11 8.753023985745179e-07
38 12 0.00014334438779002462
38 13 0.00020914396407364233
38 14 0.0007881824582310899
38 15 0.001291518078080613
38 16 0.002004899820203361
38 17 0.0035017063512225973
38 18 0.007345434987703639
38 19 0.014460759521167887
38 20 0.029823867706251887
38 21 0.05572195170021885
38 22 0.08404355452606649
38 23 0.1115046087359337
38 24 0.1368150569029635
38 25 0.17012370473562208
38 26 0.2171771277484635
38 27 0.27937036846702584
38 28 0.41897062849843986
38 29 0.6786000599153452
38 30 0.6895066257991562
38 31 0.7744768318901446
38 32 0.8286106944857015
38 33 0.8625941956877549
38 34 0.9669976465022548
38 35 0.9901977162240281
38 36 1.0659452157186322
38 37 1.0965007945530687
38 38 1.184159395768268
38 39 1.2174395434539353
38 40 1.310308284255168
39 0 6.129826032950025e-10
39 1 1.283013722597295e-09
39 2 1.710448824874854e-09
39 3 2.435776088005834e-09
39 4 4.3169152115838085e-09
39 5 7.488417417794972e-09
39 6 1.4825984629319966e-08
39 7 5.48147952727055e-08
39 8 6.585665859527193e-08
39 9 1.1838571540710466e-07
39 10 1.6117650602753903e-05
39 11 1.1176462437649006e-05
39 12 0.00014375347610080604
39 13 0.0003547645002196672
39 14 0.0005101594942543132
39 15 0.0008610538550695972
39 16 0.0017077825982629044
39 17 0.003920952202852975
39 18 0.006965979787749256
39 19 0.014672022738601444
39 20 0.02669065492995194
39 21 0.04967331069980297
39 22 0.08133327037423757
39 23 0.10831012379898618
39 24 0.1335021775019455
39 25 0.17357201043260678
39 26 0.21414342809754622
39 27 0.26738641084771286
39 28 0.4006622381743071
39 29 0.6610376285216539
39 30 0.7014295652372834
39 31 0.7808477795828083
39 32 0.8085789171964566
39 33 0.8994767000557715
39 34 0.905486594450284
39 35 1.0066465293057236
39 36 1.0649438040895522
39 37 1.116589159060393
39 38 1.1584877889394585
39 39 1.2513693284305685
39 40 1.2691923209120735
40 0 8.680795432018393e-10
40 1 1.315676445872596e-09
40 2 2.856962603694199e-09
40 3 3.7081600811920463e-09
40 4 5.025739759988177e-09
40 5 1.1724184193933483e-08
40 6 1.7026084455934175e-08
40 7 2.223423394371538e-05
40 8 6.321279031996228e-08
40 9 1.589018593448589e-07
40 10 2.1661726851097883e-05
40 11 7.256777233709562e-05
40 12 0.00010869086264512866
40 13 0.0002391455709236426
40 14 0.0004165961734527176
40 15 0.0007957263526058165
40 16 0.0020357255255141625
40 17 0.003244151105735037
40 18 0.006680923798741469
40 19 0.012012311306547641
40 20 0.025339923270492216
40 21 0.04596155483123889
40 22 0.07587755422308612
40 23 0.10111294929211877
40 24 0.13387226180451134
40 25 0.165536194775407
40 26 0.21285850455850586
40 27 0.26040486838296956
40 28 0.3759399806760993
40 29 0.6490169832775036
40 30 0.7134337652620443
40 31 0.7490239631155665
40 32 0.801482590390326
40 33 0.8981401177578384
40 34 0.9499225381262426
40 35 1.0046552046969173
40 36 1.0558667196816822
40 37 1.15262332132806
40 38 1.1702853235543347
40 39 1.2627023495357113
40 40 1.3346488493814035
41 0 9.259342345170028e-10
41 1 1.6380691613339264e-09
41 2 2.3458112622640897e-09
41 3 3.4359779085076267e-09
41 4 4.184959920984585e-09
41 5 8.957312196113395e-09
41 6 6.521546341769146e-08
41 7 4.820609374443312e-08
41 8 7.034234097794483e-08
41 9 1.7991653344038546e-07
41 10 4.922156609228323e-07
41 11 2.073131706850998e-06
41 12 9.550198211774183e-05
41 13 0.00018917369344702888
41 14 0.00029203587003157576
41 15 0.0008608899182449283
41 16 0.0012257982766431437
41 17 0.0031940833831280422
41 18 0.005871856823556934
41 19 0.01137085749964686
41 20 0.023462275242781622
41 21 0.04324465049299379
41 22 0.07773775687953466
41 23 0.10250916166157278
41 24 0.12657258499693078
41 25 0.1659213725594076
41 26 0.20458125010216283
41 27 0.2566034795666413
41 28 0.36005047060925643
41 29 0.6562665309612866
41 30 0.7383507260215714
41 31 0.7730769068627852
41 32 0.8075519789417464
41 33 0.8955802770332318
41 34 0.9443900504180408
41 35 1.0121553983115177
41 36 1.1056014342412832
41 37 1.1303939690700389
41 38 1.2084581205220166
41 39 1.2659594898483513
41 40 1.3763334700265848
42 0 1.0373011780247177e-09
42 1 1.885662330480769e-09
42 2 2.4092946830093644e-09
42 3 3.490517387971145e-09
42 4 5.261246379341577e-09
42 5 9.048686089441193e-09
42 6 2.0335640489678408e-08
42 7 3.844865415188424e-08
42 8 7.033026016572721e-08
42 9 1.7489150266323315e-07
42 10 2.382407146025226e-05
42 11 1.871681282871885e-05
42 12 9.605356468116824e-05
42 13 0.00017122851761295333
42 14 0.0004013929403840234
42 15 0.0005328547091898188
42 16 0.0014269556886467498
42 17 0.003167569584726869
42 18 0.00652708685817205
42 19 0.011624635873565872
42 20 0.022505088436653806
42 21 0.0423353692939046
42 22 0.07158780562353706
42 23 0.09939262690409151
42 24 0.12871088343816028
42 25 0.1650907513663096
42 26 0.2023647848988095
42 27 0.24743052681735372
42 28 0.3445783918710649
42 29 0.6429647122591876
42 30 0.7118119858911743
42 31 0.7443218574202832
42 32 0.8180882170088929
42 33 0.8921403853245996
42 34 0.9443867511816816
42 35 0.9791975483992628
42 36 1.0241539416120637
42 37 1.1012870754161963
42 38 1.1805851664171723
42 39 1.2400413833454258
42 40 1.3347076938284852
43 0 1.1260899321979557e-09
43 1 3.0405095727644817e-09
43 2 3.4459805032516754e-09
43 3 3.6768063364770366e-09
43 4 5.216834600232263e-09
43 5 2.1540801788023398e-08
43 6 2.2294032384922954e-08
43 7 5.729499428950741e-08
43 8 1.858015594515655e-05
43 9 1.5317501606418675e-07
43 10 5.343205200431544e-07
43 11 3.4693782264851294e-06
43 12 5.8218601745410814e-05
43 13 0.0001402509146364511
43 14 0.0003171091307250607
43 15 0.0007299512587515775
43 16 0.0015300547389616682
43 17 0.0026951433477647906
43 18 0.006319797142824255
43 19 0.0114188373917196
43 20 0.02189780287882637
43 21 0.04302149780701966
43 22 0.07179423960714186
43 23 0.09636946827048815
43 24 0.12476149335072925
43 25 0.16155317847410683
43 26 0.194293573275746
43 27 0.24563364490061232
43 28 0.34794486339099295
43 29 0.6435069544345755
43 30 0.6926328563986741
43 31 0.7565443287787843
43 32 0.8252634803006944
43 33 0.876022648487052
43 34 0.9135009589285775
43 35 0.9866957614945968
43 36 1.0475333354597767
43 37 1.0970292911938602
43 38 1.1966277003675014
43 39 1.2639307611841606
43 40 1.3004127279070097
44 0 1.2109561302333804e-09
44 1 2.680834998121115e-09
44 2 3.5870949373024275e-09
44 3 1.4995772481565733e-08
44 4 6.062898856409585e-09
44 5 9.738180878441935e-09
44 6 3.0541083514303965e-08
44 7 4.398031950342667e-08
44 8 3.0955547583008167e-07
44 9 4.440396012671037e-07
44 10 3.73128958138604e-07
44 11 6.095276830463079e-05
44 12 6.778883962232792e-05
44 13 6.323802647265199e-05
44 14 0.0002688669142176789
44 15 0.0005873624344180264
44 16 0.001433347630436793
44 17 0.002458023056500295
44 18 0.005697304057274738
44 19 0.011520464200865384
44 20 0.022541697389277453
44 21 0.04276308512768902
44 22 0.06843760924659295
44 23 0.0960511293348791
44 24 0.12203391461835554
44 25 0.15569817471828842
44 26 0.1961159297467175
44 27 0.23786713447758226
44 28 0.3388466057021493
44 29 0.6550395973998319
44 30 0.7198387230742337
44 31 0.7760810833936035
44 32 0.8297640074361788
44 33 0.875599377463078
44 34 0.9606510831934818
44 35 0.9856761303722887
44 36 1.0692659598339214
44 37 1.118328340690499
44 38 1.1617901498778385
44 39 1.2485320387781653
44 40 1.284145256056438
45 0 1.4452070297170825e-09
45 1 3.0486071017076083e-09
45 2 4.210028719268092e-09
45 3 6.0016392641485825e-09
45 4 6.425933927545303e-09
45 5 1.1527397823527841e-08
45 6 1.8873481416249766e-08
45 7 3.2846646853835974e-08
45 8 7.318301783888249e-08
45 9 1.3650983763165633e-07
45 10 2.3954281827980144e-05
45 11 9.959258184825669e-06
45 12 5.729646861778255e-05
45 13 0.00012532890593158934
45 14 0.0002354125654559035
45 15 0.0007497562425073186
45 16 0.0012147904742463688
45 17 0.0032442295849654953
45 18 0.005641932034330166
45 19 0.01173319374173098
45 20 0.02040821388288685
45 21 0.04099099521306322
45 22 0.06975216074057465
45 23 0.09527974903961678
45 24 0.12064208027013988
45 25 0.1543494431214235
45 26 0.19209642080376096
45 27 0.23289396130059462
45 28 0.32140478361434655
45 29 0.6575503954603604
45 30 0.7136201953071742
45 31 0.7634592232240147
45 32 0.8160295031888065
45 33 0.8920372296124506
45 34 0.9299351427738082
45 35 1.0127373229435084
45 36 1.036507813827408
45 37 1.1493562773778612
45 38 1.1736155600795481
45 39 1.260444944471528
45 40 1.3745612299461183
46 0 1.5906220279197071e-09
46 1 3.42812498204524e-09
46 2 4.63221690963934e-09
46 3 5.273403892427737e-09
46 4 6.962184750800099e-09
46 5 1.0993532429074142e-08
46 6 2.1039634086018556e-08
46 7 4.043544741040571e-08
46 8 6.247334576849985e-08
46 9 3.2518262929472407e-07
46 10 1.3345970031186256e-06
46 11 1.8856700504271933e-05
46 12 3.5976846298243984e-05
46 13 0.00012467383140413936
46 14 0.0001439497170748215
46 15 0.0006566145152804803
46 16 0.0013105779814228094
46 17 0.00318108097178653
46 18 0.005466442922242864
46 19 0.01134025379735031
46 20 0.02260882759762969
46 21 0.041308748060114815
46 22 0.07103729783898562
46 23 0.09646693056809169
46 24 0.12160596412386013
46 25 0.15494711373662418
46 26 0.18494817864540306
46 27 0.2393946843566152
46 28 0.31945414828709706
46 29 0.6481890623351031
46 30 0.7029389546848896
46 31 0.7418917786076803
46 32 0.8289957103339642
46 33 0.8944482115773884
46 34 0.9727623377327406
46 35 0.9672572406796637
46 36 1.0587932180826112
46 37 1.1350405069618104
46 38 1.2218725625409772
46 39 1.2861630411097786
46 40 1.3342092305090796
47 0 1.7217734744627222e-09
47 1 3.763020957908932e-09
47 2 5.2269041033803e-09
47 3 6.179418162025528e-09
47 4 7.402607021148414e-09
47 5 1.3970920335032314e-08
47 6 2.5649593265631816e-08
47 7 3.6610448714478934e-08
47 8 3.588614608305143e-07
47 9 1.0606893717941054e-06
47 10 3.644948536070992e-05
47 11 2.4904920137292942e-05
47 12 5.090998754963953e-05
47 13 0.00017162249340375475
47 14 0.0003211200784835176
47 15 0.0008318109301586469
47 16 0.0012181127605344943
47 17 0.0034778331903620057
47 18 0.006084189161499207
47 19 0.011833243715288174
47 20 0.023313502227808022
47 21 0.04495364812609609
47 22 0.07370573288736437
47 23 0.09698686838791025
47 24 0.12437625212179214
47 25 0.15704303608998016
47 26 0.1935676500939834
47 27 0.23940655016765713
47 28 0.3333514176696169
47 29 0.6420851471835847
47 30 0.7281575619302416
47 31 0.7780743483459553
47 32 0.8159132740583064
47 33 0.8564005001259185
47 34 0.9419078318443841
47 35 1.0321366422608909
47 36 1.0493043098729167
47 37 1.1307782295632125
47 38 1.1767736649667815
47 39 1.2228365748848955
47 40 1.3264371261160712
48 0 2.1653159791389943e-09
48 1 4.69874395430666e-09
48 2 5.6262418361101175e-09
48 3 7.017074405247265e-09
48 4 9.001895135678015e-09
48 5 2.53516446540433e-08
48 6 2.1044200202203097e-08
48 7 4.1497586762295446e-08
48 8 9.436256561541804e-08
48 9 2.8912789327317778e-05
48 10 2.7489224809926843e-05
48 11 5.556874517932e-06
48 12 5.587073921935716e-05
48 13 8.306679177435197e-05
48 14 0.0004358188438580195
48 15 0.0009943245997186322
48 16 0.001483723332388816
48 17 0.0029189569548089354
48 18 0.0058207432901227095
48 19 0.013277265146346985
48 20 0.023340888602676496
48 21 0.04469651679135874
48 22 0.0725018998538802
48 23 0.09553015151442341
48 24 0.12814146277203195
48 25 0.15560859583208678
48 26 0.19385026799581306
48 27 0.23668758144443647
48 28 0.3348677666351435
48 29 0.6317101492603239
48 30 0.709241654132989
48 31 0.7619575472684964
48 32 0.824717759631863
48 33 0.8934075631184308
48 34 0.9369686674525493
48 35 0.960086192245991
48 36 1.06178845601916
48 37 1.0853816882688199
48 38 1.1654110437059684
48 39 1.2089795751378745
48 40 1.2741500702403175
49 0 2.4444124683033375e-09
49 1 5.189275241383168e-09
49 2 6.518696821250684e-09
49 3 7.277758111391488e-09
49 4 9.253373476408063e-09
49 5 3.507893236063974e-08
49 6 2.243926398996575e-08
49 7 1.5519231563333546e-07
49 8 5.557266052563452e-08
49 9 1.8462582484846025e-05
49 10 3.347906761862224e-07
49 11 1.786105247451094e-06
49 12 0.00011093663842233203
49 13 0.00017064211635144978
49 14 0.0004486177092090473
49 15 0.0007447824508842045
49 16 0.0015798790299941378
49 17 0.00303218905941944
49 18 0.0061718852699469634
49 19 0.013045394733336756
49 20 0.025137898287585662
49 21 0.045336161890193946
49 22 0.07168060467872528
49 23 0.10147987591283408
49 24 0.1255362664355609
49 25 0.1614970335914283
49 26 0.1952591974733429
49 27 0.24015634360949376
49 28 0.3444969324430392
49 29 0.6148169631969133
49 30 0.6994316069570112
49 31 0.7557314589861158
49 32 0.8370682653543218
49 33 0.8775024791768137
49 34 0.9748412750727748
49 35 0.9892424343113011
49 36 1.0754352233876288
49 37 1.130229139041791
49 38 1.1827678589394204
49 39 1.2437067921298397
49 40 1.34479404501672
50 0 2.772322906269855e-09
50 1 5.919249467042642e-09
50 2 7.564067615425154e-09
50 3 8.645257597018078e-09
50 4 1.0258816267298219e-08
50 5 1.6442062714408706e-08
50 6 6.891899870513141e-06
50 7 4.019029889356516e-08
50 8 1.0382533527288035e-07
50 9 2.6030802510508996e-07
50 10 1.6820270488507025e-05
50 11 4.164435707379422e-05
50 12 6.250585215150782e-05
50 13 0.00016241538380044543
50 14 0.00042619647723173443
50 15 0.0006363123906339331
50 16 0.0023963583959656903
50 17 0.0035488642913833295
50 18 0.0073464132099118114
50 19 0.013301544607875363
50 20 0.026251465361845465
50 21 0.04753692537932943
50 22 0.07485790366396533
50 23 0.10211379037230599
50 24 0.12882406936091031
50 25 0.15534200311958227
50 26 0.19114008132478325
50 27 0.25171904034682785
50 28 0.34173912132561907
50 29 0.6218765390874454
50 30 0.7216423006382732
50 31 0.7402774721854889
50 32 0.8456625573248865
50 33 0.8775092018029887
50 34 0.9329451115379126
50 35 1.0009841295024358
50 36 1.0538780734903708
50 37 1.1117856104600077
50 38 1.2169942277056434
50 39 1.2350910607286971
50 40 1.290873774087124
51 0 3.12413999508641e-09
51 1 6.53769228335472e-09
51 2 8.230924285671396e-09
51 3 8.972202210089409e-09
51 4 1.14709651707076e-08
51 5 2.029106539357436e-08
51 6 2.554322108392427e-08
51 7 3.7187608789000724e-08
51 8 7.699168472894796e-08
51 9 1.123473974402208e-07
51 10 2.407597003565481e-07
51 11 0.00011775480294965193
51 12 0.00012627080465730457
51 13 0.0003728657147068292
51 14 0.0005108673661476322
51 15 0.001237588593550669
51 16 0.0017471011474280737
51 17 0.004933913766748121
51 18 0.008097072533804837
51 19 0.015531724665452367
51 20 0.027337359916845255
51 21 0.05054960960134212
51 22 0.08056880177721645
51 23 0.10132105420784089
51 24 0.12969738536378989
51 25 0.15874110876105338
51 26 0.19333730448499217
51 27 0.24978746248804437
51 28 0.35533040728153426
51 29 0.6264197655546926
51 30 0.7178203489500175
51 31 0.7709072377772224
51 32 0.8274926413662234
51 33 0.8757220059041981
51 34 0.9088515267632358
51 35 1.006218496900868
51 36 1.0775806710770308
51 37 1.1517553931759963
51 38 1.1823367855104057
51 39 1.2744133005544995
51 40 1.2600235352925893
52 0 3.666128555265881e-09
52 1 7.350229165930358e-09
52 2 9.020175941143195e-09
52 3 1.0946232016401356e-08
52 4 1.2037273885704817e-08
52 5 1.7595034106991806e-08
52 6 2.2874210758869398e-08
52 7 3.626321964758176e-08
52 8 5.5421239984798294e-08
52 9 2.0346330829120627e-05
52 10 1.1347050482070706e-05
52 11 7.977946683031324e-05
52 12 0.00012400875244306973
52 13 0.00047528339166045164
52 14 0.0006217007836965768
52 15 0.0014375262779649006
52 16 0.002163192233953816
52 17 0.004841932468999718
52 18 0.00945200901734639
52 19 0.01745106145656409
52 20 0.03193547698726982
52 21 0.05736471069138547
52 22 0.07976434077564855
52 23 0.10440796991881009
52 24 0.12916245071914212
52 25 0.15990451780467116
52 26 0.20819559807714683
52 27 0.24985128911641272
52 28 0.3494556027700246
52 29 0.6575778476363109
52 30 0.7311471805270218
52 31 0.7689628710819073
52 32 0.8376269824550574
52 33 0.8834262295294051
52 34 0.9335949362998214
52 35 0.9730405240576516
52 36 1.0616306271979739
52 37 1.1023685347979826
52 38 1.1927178541430639
52 39 1.261145074841905
52 40 1.2873234640658666
53 0 3.78568915283514e-09
53 1 7.984660052393255e-09
53 2 1.0336615238967772e-08
53 3 1.1292645813363791e-08
53 4 1.2977570056616818e-08
53 5 1.5958988480508805e-08
53 6 2.984217047731494e-08
53 7 1.1131785869587618e-05
53 8 6.385667899801555e-08
53 9 3.6097504029048413e-07
53 10 6.995267426804282e-05
53 11 7.611366897286516e-05
53 12 0.00014192608783136334
53 13 0.00035679801804784796
53 14 0.0009948239938892406
53 15 0.0014804240409495013
53 16 0.003109291828415478
53 17 0.0054819204574208715
53 18 0.011088258066558273
53 19 0.020048206084440266
53 20 0.03880910659813577
53 21 0.062220573946628596
53 22 0.08622394054445429
53 23 0.10728534421425698
53 24 0.13505185268808081
53 25 0.1640721435388709
53 26 0.2061657414064761
53 27 0.267491565007238
53 28 0.3627037987808064
53 29 0.6698340648776774
53 30 0.7275557506406413
53 31 0.7893874174865022
53 32 0.8458160274141489
53 33 0.8997062225011189
53 34 0.91807981152801
53 35 1.0094281715212532
53 36 1.0769647975191712
53 37 1.1141521543836865
53 38 1.1850074888033262
53 39 1.2428699263412701
53 40 1.3195214146132341
54 0 4.206819765751975e-09
54 1 9.280834491989807e-09
54 2 1.196381417957225e-08
54 3 1.2308044669091795e-08
54 4 1.4190793183232754e-08
54 5 1.7734816858199006e-08
54 6 2.4476855766022446e-08
54 7 4.298139260323193e-08
54 8 7.641123257976249e-08
54 9 2.4913844215811685e-05
54 10 8.404152048419733e-05
54 11 8.117483599132756e-05
54 12 0.00021778800370370356
54 13 0.0003732544421344801
54 14 0.0008853211617817477
54 15 0.0018819520220011406
54 16 0.0041404459067335775
54 17 0.007539240626190646
54 18 0.012397193382659535
54 19 0.023878256129802947
54 20 0.04596358227637373
54 21 0.06624972123328564
54 22 0.08711780233480258
54 23 0.11107251704261867
54 24 0.13425471511662423
54 25 0.16554712218807835
54 26 0.20136452771429283
54 27 0.2668432208349368
54 28 0.3684866963049663
54 29 0.6602035517196533
54 30 0.6915980785516997
54 31 0.7816526392410004
54 32 0.7916073212961704
54 33 0.8640519608832212
54 34 0.9415524645481386
54 35 0.9836096209829062
54 36 1.0403170931987176
54 37 1.13663786796695
54 38 1.2111028632960665
54 39 1.2771028750239395
54 40 1.322683615206626
55 0 4.827817910953107e-09
55 1 9.689718821563458e-09
55 2 1.2515875842476662e-08
55 3 1.3317791338225083e-08
55 4 1.5615089200724193e-08
55 5 2.157853672770571e-08
55 6 5.513522031489134e-07
55 7 5.927074654613906e-08
55 8 3.02110009170377e-05
55 9 1.718229257325367e-05
55 10 5.697353270507406e-05
55 11 0.00020082556716165162
55 12 0.0002813528301182036
55 13 0.0006022486823898007
55 14 0.00101820752672519
55 15 0.0026368970706614355
55 16 0.0035217403738170496
55 17 0.008629681417451221
55 18 0.015204831533034311
55 19 0.029032809960043596
55 20 0.052329116663003494
55 21 0.07042396730917362
55 22 0.09489848233964852
55 23 0.11362661267637714
55 24 0.13895686728961215
55 25 0.16887250672147364
55 26 0.21128350698486514
55 27 0.26991766867569167
55 28 0.3849786182529181
55 29 0.6532361118221179
55 30 0.6945863274224048
55 31 0.7722544055253405
55 32 0.819807930230668
55 33 0.8726171994665146
55 34 0.9355489945587576
55 35 1.0213789279109864
55 36 1.0302476988006666
55 37 1.1353074414238935
55 38 1.2089617238993178
55 39 1.2802810894352017
55 40 1.3215382831660087
56 0 5.519568633448989e-09
56 1 1.0845361222985311e-08
56 2 1.3221192139103463e-08
56 3 1.4177020210283714e-08
56 4 1.6214633796075328e-08
56 5 1.9214726759140447e-08
56 6 3.044780188867912e-08
56 7 4.396556398888088e-08
56 8 3.97311442496658e-05
56 9 6.46430897384426e-05
56 10 4.538692218136608e-05
56 11 0.00013718328734121414
56 12 0.00027538416305613206
56 13 0.0006271709487189869
56 14 0.0014388469587721024
56 15 0.0026136016494508483
56 16 0.004311501485302742
56 17 0.009197395150921928
56 18 0.019152978853302267
56 19 0.03646663629660502
56 20 0.05637833575047408
56 21 0.07593831889278117
56 22 0.09529393705539771
56 23 0.11499905871775756
56 24 0.13759866324611955
56 25 0.17654686690889534
56 26 0.2186200251171575
56 27 0.27706779883806104
56 28 0.4209566732280251
56 29 0.6592079932823757
56 30 0.7162642293991212
56 31 0.7465360983998327
56 32 0.830247820554385
56 33 0.8744578755779606
56 34 0.9079140459553259
56 35 0.9630404736087752
56 36 1.080262837625962
56 37 1.135839124116803
56 38 1.1823442102299373
56 39 1.2466707497092049
56 40 1.2783360094005864
57 0 5.628876559466546e-09
57 1 1.2370554739996332e-08
57 2 1.5403451262900876e-08
57 3 1.6022413693168885e-08
57 4 1.6880228819029627e-08
57 5 2.068656622433989e-08
57 6 3.24668121893323e-08
57 7 2.6275612132689174e-05
57 8 1.264226024881172e-05
57 9 1.4829244419100803e-07
57 10 0.00010016393175580009
57 11 0.0002670059404148752
57 12 0.00042669064027860354
57 13 0.0009064502319478644
57 14 0.0017524608498136398
57 15 0.003539908949853701
57 16 0.006286653370710528
57 17 0.011767812083546296
57 18 0.02272364774058762
57 19 0.04217593442375242
57 20 0.06051957873314554
57 21 0.07878498377118044
57 22 0.09708702880432248
57 23 0.1177191174858428
57 24 0.14206520904490727
57 25 0.17921071781070627
57 26 0.22775991370476908
57 27 0.2915096937144208
57 28 0.46263442976117575
57 29 0.6326615441120954
57 30 0.7277620127513897
57 31 0.7506491294803384
57 32 0.8311830677583988
57 33 0.8554636884861511
57 34 0.9365665911541681
57 35 1.02076986479596
57 36 1.0796751117337247
57 37 1.1316362771634136
57 38 1.172948642057454
57 39 1.2162683288201004
57 40 1.2943494711869048
58 0 6.467503191338656e-09
58 1 1.3405577003777815e-08
58 2 1.634809739473539e-08
58 3 1.7236636360390606e-08
58 4 2.0536143835450167e-08
58 5 2.934748735405724e-08
58 6 2.4027682948619494e-05
58 7 1.0940593657176132e-05
58 8 3.386411575027746e-05
58 9 8.812216134003167e-05
58 10 7.508603867104281e-05
58 11 0.0002966301404228796
58 12 0.0006223901116073197
58 13 0.0009960823125320238
58 14 0.0018824997060459658
58 15 0.004538622745609979
58 16 0.008209143763290112
58 17 0.015183071690721564
58 18 0.0287919844583231
58 19 0.04656590114854297
58 20 0.06428307928275782
58 21 0.07952241321395385
58 22 0.09899648162300352
58 23 0.12243286648159783
58 24 0.14598320570152543
58 25 0.17805095048494202
58 26 0.2271530044046297
58 27 0.290062286661178
58 28 0.5052290270056491
58 29 0.6522745867787918
58 30 0.6915508076337151
58 31 0.7733563406843712
58 32 0.8240690054339086
58 33 0.876215177868793
58 34 0.9438497489986999
58 35 1.0143373401351312
58 36 1.0636799026416086
58 37 1.1102389653606675
58 38 1.1666819668512804
58 39 1.2544684297943396
58 40 1.362981441294787
59 0 6.670186935645726e-09
59 1 1.4348847557052153e-08
59 2 1.8085760525623374e-08
59 3 4.3035590092045863e-07
59 4 2.465979640805386e-08
59 5 6.654392152161882e-06
59 6 5.1111350214749414e-08
59 7 5.233716887361314e-08
59 8 2.6080748086428634e-05
59 9 4.152276660937747e-05
59 10 0.00013280324345792507
59 11 0.0004772546048926007
59 12 0.0007042131033642271
59 13 0.0013485087676775652
59 14 0.002636266723695367
59 15 0.005480071880940136
59 16 0.009557269854778722
59 17 0.017778602293465326
59 18 0.03224019875378432
59 19 0.05094978130315267
59 20 0.06839661459529768
59 21 0.08300374640208462
59 22 0.09910233725660528
59 23 0.12325498956637453
59 24 0.1476450896680528
59 25 0.1877102842960775
59 26 0.23480968079461664
59 27 0.3099426752400844
59 28 0.6055426479907247
59 29 0.688791792953686
59 30 0.6981779088260147
59 31 0.7537258917942582
59 32 0.8111715878936525
59 33 0.872135549789919
59 34 0.9488652285470122
59 35 1.0300818000677614
59 36 1.0300745075071536
59 37 1.1538947440113403
59 38 1.209641540291531
59 39 1.2463140236521035
59 40 1.3112345429809629
60 0 7.070098619487981e-09
60 1 1.553034063364014e-08
60 2 1.987843102921189e-08
60 3 1.760474770018634e-06
60 4 2.107693340117823e-08
60 5 1.004678436297428e-07
60 6 4.967764727470545e-07
60 7 2.669081805769634e-05
60 8 4.2042167853492216e-05
60 9 8.066421483364797e-05
60 10 0.00017444642353857333
60 11 0.0004924453652131178
60 12 0.001012617225103418
60 13 0.001774506783992512
60 14 0.003828366034350283
60 15 0.00637948792117077
60 16 0.011993583235072321
60 17 0.023360972016011658
60 18 0.03902689665953826
60 19 0.053109386407480565
60 20 0.0709969603209102
60 21 0.08954669544947626
60 22 0.10726001194072905
60 23 0.12501590926880524
60 24 0.15516803930052323
60 25 0.18912316642462892
60 26 0.23958590654487902
60 27 0.3162362935543065
60 28 0.6024611547451847
60 29 0.6531121184976417
60 30 0.7102421377903726
60 31 0.7640854189384668
60 32 0.8145924586679268
60 33 0.8933027593449584
60 34 0.9649854412521927
60 35 0.9809319309671853
60 36 1.0497690602221772
60 37 1.1427958005393875
60 38 1.2052066158481105
60 39 1.2417033326369968
60 40 1.2706384896714324
61 0 7.521167711604522e-09
61 1 1.7224616903194213e-08
61 2 2.261124140378459e-08
61 3 2.6177851490443554e-08
61 4 4.813367649136429e-08
61 5 6.457513411959649e-06
61 6 4.9419061020651176e-08
61 7 4.512920309396114e-05
61 8 0.0001053546983580413
61 9 0.00011550028518737567
61 10 0.00035325518355859537
61 11 0.0005009187643459119
61 12 0.0012323120728735995
61 13 0.0021987060023624105
61 14 0.004561811159773468
61 15 0.008723801734399867
61 16 0.015136873077784168
61 17 0.029052902729836468
61 18 0.0445311914273379
61 19 0.058307752299643835
61 20 0.07306901113575437
61 21 0.08868591928863089
61 22 0.10800165641029853
61 23 0.13243021829968066
61 24 0.15706252407203614
61 25 0.19920746617523527
61 26 0.25208887352179055
61 27 0.3280222730809556
61 28 0.6002356813094514
61 29 0.6491299249004413
61 30 0.7146571919639815
61 31 0.7597774458673268
61 32 0.8265058962444306
61 33 0.8870909906727076
61 34 0.9339896043852585
61 35 1.0173004985240293
61 36 1.0567459879193848
61 37 1.1090336649641541
61 38 1.1862249189748224
61 39 1.2139545695774074
61 40 1.312221995188765
62 0 1.0473684943727664e-08
62 1 2.0400563608949785e-08
62 2 2.1945201003912257e-08
62 3 2.5258653312500157e-08
62 4 2.9242723001733066e-08
62 5 1.2665186889266488e-05
62 6 1.0475881309498606e-05
62 7 3.0594213840494146e-05
62 8 0.00010431334793685423
62 9 0.0002591506728957825
62 10 0.000558102177067739
62 11 0.0007730820025194944
62 12 0.0013237315151733802
62 13 0.0026797923874123993
62 14 0.005206061972680629
62 15 0.00927334429953515
62 16 0.01851384845207898
62 17 0.03310104935860665
62 18 0.046108496695090935
62 19 0.06069820683545165
62 20 0.0734515157544464
62 21 0.09140017282625233
62 22 0.11309611548314356
62 23 0.13410961315059447
62 24 0.16120328313821305
62 25 0.19874847512948884
62 26 0.25712409304741507
62 27 0.3699708043592556
62 28 0.6005920891028594
62 29 0.6649184738243907
62 30 0.7167181640805895
62 31 0.7609543431911765
62 32 0.8413422168468527
62 33 0.8775832703775243
62 34 0.9208292601733136
62 35 1.003245130293581
62 36 1.0769467207104648
62 37 1.1434977952788437
62 38 1.1803619690790035
62 39 1.2215662240758354
62 40 1.2709202039870853
63 0 8.928069760275981e-09
63 1 2.1343672118674236e-08
63 2 2.4432343355270672e-08
63 3 2.8747695518203162e-08
63 4 3.5558482676983216e-08
63 5 2.6428659501165527e-06
63 6 1.0211170827458845e-05
63 7 3.269534781789007e-05
63 8 5.310931997115308e-05
63 9 0.0002606133322969366
63 10 0.0006152814194508474
63 11 0.0009612102952190196
63 12 0.001813840837891817
63 13 0.0034502550754109116
63 14 0.006627271660635092
63 15 0.01192111186502306
63 16 0.024215589404324948
63 17 0.036012182266370464
63 18 0.05108858657922176
63 19 0.06543966105620484
63 20 0.07754438325741735
63 21 0.09508146949194647
63 22 0.11516743611334564
63 23 0.13534578821817797
63 24 0.17132633612530498
63 25 0.20584097059344963
63 26 0.26642599923078036
63 27 0.4240105529459592
63 28 0.6145678562894307
63 29 0.6680975481937839
63 30 0.7162148788807304
63 31 0.7668176788986143
63 32 0.8296532050766544
63 33 0.8803483995243727
63 34 0.9375026987986584
63 35 0.9902631081792155
63 36 1.0591681971272986
63 37 1.1020285363348297
63 38 1.211165270197761
63 39 1.2019375957399439
63 40 1.3226129561053268
64 0 9.159999227646415e-09
64 1 2.0377231886438024e-08
64 2 5.3981856139909934e-06
64 3 7.250717935623809e-06
64 4 3.7658729920278027e-08
64 5 5.128671123790144e-06
64 6 5.345613634797808e-05
64 7 0.0001261145180843832
64 8 0.0001327368100521797
64 9 0.00018208377634703032
64 10 0.0006109604292856498
64 11 0.0013684001802537302
64 12 0.002421159020447061
64 13 0.004846469428944567
64 14 0.008677807027232365
64 15 0.01571061502403791
64 16 0.028404738607992596
64 17 0.04008673910027347
64 18 0.05223317985036113
64 19 0.06537733159605306
64 20 0.08283902418937478
64 21 0.09724488253392462
64 22 0.11884919319213318
64 23 0.1393926085185065
64 24 0.1718542360801385
64 25 0.21148473984722924
64 26 0.2745137292608906
64 27 0.5262042109398146
64 28 0.6128534688193554
64 29 0.6567697001433023
64 30 0.7076339693075199
64 31 0.7845685896062933
64 32 0.8346193502828523
64 33 0.9093117222860885
64 34 0.9333626242377849
64 35 1.0156569772494983
64 36 1.069903635081546
64 37 1.1325420878994923
64 38 1.1612088482492113
64 39 1.2910322116655941
64 40 1.3080323468648551
65 0 1.423206858397457e-08
65 1 2.1863241678791448e-08
65 2 3.58242092150309e-08
65 3 6.322764970416685e-06
65 4 1.5319218948850896e-06
65 5 1.466619769944058e-05
65 6 3.6837355458194745e-05
65 7 8.652817075604686e-05
65 8 0.00018994298433533236
65 9 0.0003459418596131619
65 10 0.0007722147072833899
65 11 0.0015621793593612596
65 12 0.003151749952301812
65 13 0.005535064425799908
65 14 0.011392779754356467
65 15 0.019798613825866264
65 16 0.030892668729873982
65 17 0.04157094788027884
65 18 0.0554424714701108
65 19 0.07065521358538014
65 20 0.08199441876699093
65 21 0.09964671701378061
65 22 0.12305944907900827
65 23 0.14417713093827952
65 24 0.17681309731377676
65 25 0.2273308406805526
65 26 0.29773897425798296
65 27 0.5498961266299599
65 28 0.6119931601843629
65 29 0.6573867613759508
65 30 0.7118849921934947
65 31 0.7583925428134125
65 32 0.8414053992620381
65 33 0.8636514839599863
65 34 0.9393119196193749
65 35 0.9969955400450088
65 36 1.0811842594995043
65 37 1.1388296572158547
65 38 1.163446342270784
65 39 1.2765311800018553
65 40 1.2921619097756425
66 0 1.522312742310508e-08
66 1 2.4202766880160412e-08
66 2 4.869551394884708e-06
66 3 3.820700492930859e-08
66 4 9.234780878991084e-06
66 5 3.283758149286063e-05
66 6 2.063407010596378e-05
66 7 8.230870410830915e-05
66 8 0.00020503702959802817
66 9 0.0004628801741983633
66 10 0.0009061426696238776
66 11 0.0017750074420806979
66 12 0.003511076758351028
66 13 0.006920488692379406
66 14 0.01318733908322241
66 15 0.022348942048348926
66 16 0.03453377654339499
66 17 0.04475503030351191
66 18 0.05883320598516833
66 19 0.0717102230546173
66 20 0.08712843925826992
66 21 0.09994599243843778
66 22 0.12315498414177023
66 23 0.14896840651589854
66 24 0.18472275199107926
66 25 0.23288005968171105
66 26 0.3344945408649723
66 27 0.5555176560057759
66 28 0.5990459118009892
66 29 0.6663590081849867
66 30 0.7133465510306028
66 31 0.7773074003681169
66 32 0.8130274337453087
66 33 0.8645579182992716
66 34 0.9101264598095998
66 35 0.9985486578316153
66 36 1.0969112066652669
66 37 1.147009526967793
66 38 1.1896631634809183
66 39 1.2890951519828355
66 40 1.2905339382055858
67 0 2.0706716628745476e-08
67 1 2.4688483860634e-08
67 2 2.453123179279144e-06
67 3 4.671375646524642e-08
67 4 5.155037240268689e-06
67 5 9.14334477862063e-06
67 6 4.7344477900514625e-05
67 7 0.00011366085585506118
67 8 0.00025220373773411593
67 9 0.0005259371122416939
67 10 0.0012715574602727188
67 11 0.002094913517679474
67 12 0.00432005327316204
67 13 0.008953833130300353
67 14 0.017298149024097743
67 15 0.02528219647409338
67 16 0.0373595526718269
67 17 0.04884142845362416
67 18 0.06077476408807437
67 19 0.0723270655926857
67 20 0.0888661466366727
67 21 0.10904478634936779
67 22 0.1270162304978001
67 23 0.15191196866177678
67 24 0.18791364632234994
67 25 0.23607984027330398
67 26 0.3695726478274206
67 27 0.550725232764394
67 28 0.6102021872049496
67 29 0.6479011487459596
67 30 0.7209686734137107
67 31 0.7725179011120569
67 32 0.8317777072950597
67 33 0.8738393759025938
67 34 0.9452652070777765
67 35 0.9997208808352575
67 36 1.0437202592112307
67 37 1.136671168189242
67 38 1.1859074186420206
67 39 1.2174113213116107
67 40 1.3011303272471093
68 0 1.2411287981443184e-08
68 1 1.7876303214381765e-07
68 2 3.341009769203203e-08
68 3 1.1148895239931165e-05
68 4 2.5164993581723856e-05
68 5 4.8767281754394856e-05
68 6 7.603499246537706e-05
68 7 0.0001171796423992298
68 8 0.0002125873431847455
68 9 0.0006469657085770148
68 10 0.001326071229796687
68 11 0.0025042724796384094
68 12 0.004626511258029481
68 13 0.010393444713377237
68 14 0.01997661836268004
68 15 0.028802535994295532
68 16 0.038542166532749125
68 17 0.04972598224437531
68 18 0.06335999125068342
68 19 0.0750160806813864
68 20 0.09022880056481918
68 21 0.10868498211612282
68 22 0.13387933376648883
68 23 0.15387512319071056
68 24 0.19246661903102008
68 25 0.24370073500488743
68 26 0.41344429295517166
68 27 0.5543470546885148
68 28 0.6032626535208363
68 29 0.6584821216736195
68 30 0.6927629395807768
68 31 0.765716218553978
68 32 0.8352470426124597
68 33 0.9104208193268972
68 34 0.9393168346314608
68 35 1.0146153084648817
68 36 1.0797513568608508
68 37 1.1132871978530772
68 38 1.1951401553053875
68 39 1.2994286290747161
68 40 1.371541600498432
69 0 1.7389169980867345e-08
69 1 5.303189272081157e-06
69 2 3.617505110664484e-06
69 3 9.623076413622563e-07
69 4 1.4382257478587529e-05
69 5 3.9245574573901506e-05
69 6 6.413784129992956e-05
69 7 0.00024527804196774165
69 8 0.0003633437659193221
69 9 0.0010182473695440467
69 10 0.001718594040415815
69 11 0.0030136735827970434
69 12 0.006175484548734826
69 13 0.013102323418709389
69 14 0.022224382522459507
69 15 0.03117458380481046
69 16 0.04205853407143715
69 17 0.05225733036810321
69 18 0.0645728143856595
69 19 0.07886849293711551
69 20 0.0921189744628758
69 21 0.10997866082044742
69 22 0.1325090858011853
69 23 0.16592675889368946
69 24 0.20371547323518413
69 25 0.27117215996980987
69 26 0.4794561079360873
69 27 0.5466971945599681
69 28 0.6063047453358289
69 29 0.6450197381901951
69 30 0.6983583373624573
69 31 0.7521178699010996
69 32 0.8184066715071118
69 33 0.86479585659984
69 34 0.9231468993550387
69 35 0.9961843652779239
69 36 1.053093425903312
69 37 1.0925938664587305
69 38 1.1996848117245569
69 39 1.3077961293611813
69 40 1.3144769512086678
70 0 1.627931832385069e-08
70 1 4.999641438443563e-06
70 2 7.858244150541344e-06
70 3 3.27925156800764e-05
70 4 2.1403093816830926e-05
70 5 4.4980090924721744e-05
70 6 9.142713354897864e-05
70 7 0.0002699675857382211
70 8 0.0006320290641160906
70 9 0.0010893882831455096
70 10 0.002068593826801632
70 11 0.0038849161783116337
70 12 0.007601318788710588
70 13 0.014275834662885808
70 14 0.023399544599299958
70 15 0.032666363292956774
70 16 0.04436550545711205
70 17 0.05526811690644258
70 18 0.06615525226166527
70 19 0.07913419456501304
70 20 0.09530948498975858
70 21 0.11698936430078306
70 22 0.13723504236923212
70 23 0.16591625230306625
70 24 0.2070304893148896
70 25 0.2983163586238397
70 26 0.5083785781675788
70 27 0.5637836600323803
70 28 0.6156444096921956
70 29 0.6615117515032807
70 30 0.7278165071869575
70 31 0.79230911029299
70 32 0.8195360493834569
70 33 0.8788924187728033
70 34 0.9139399681712376
70 35 0.9775977942906419
70 36 1.0484046543031957
70 37 1.1288456712058557
70 38 1.188346344573587
70 39 1.2457771475962098
70 40 1.2889790228406963
71 0 3.1112112684863254e-06
71 1 3.519521776992882e-08
71 2 4.697113965364468e-06
71 3 5.1963749224575505e-06
71 4 2.643679323016211e-05
71 5 5.8929010076947954e-05
71 6 0.0001554206332298417
71 7 0.0002967492347218185
71 8 0.0005663367915925657
71 9 0.001205975106900058
71 10 0.0023032429100161957
71 11 0.004736962793188953
71 12 0.008842791707115097
71 13 0.015639848793522503
71 14 0.02458401715770563
71 15 0.03390838435013018
71 16 0.044085306398227324
71 17 0.05535974161649765
71 18 0.06712110138378533
71 19 0.08295520062378171
71 20 0.10008217941777264
71 21 0.11752696887498901
71 22 0.1421213378989453
71 23 0.16910483536120788
71 24 0.22657294035746972
71 25 0.344350087437063
71 26 0.5201418619836109
71 27 0.5589672780639943
71 28 0.6094154474417771
71 29 0.6624315780104781
71 30 0.7211442321884824
71 31 0.7539542717179281
71 32 0.8009561236322262
71 33 0.8935297264865604
71 34 0.9605183596568184
71 35 0.9772754520077406
71 36 1.0570319303555342
71 37 1.094557269639672
71 38 1.2177269257581673
71 39 1.227177186881665
71 40 1.30909925308011
72 0 1.8858856226698857e-08
72 1 3.5968062137109145e-08
72 2 1.3498767550866073e-05
72 3 1.4199365797292963e-05
72 4 1.4182235248327572e-05
72 5 6.229480078114396e-05
72 6 0.00013718955660851011
72 7 0.00031408549606080335
72 8 0.0005706121837739912
72 9 0.0013632824757327214
72 10 0.0024317695405172007
72 11 0.0050877295016740105
72 12 0.010371506273469243
72 13 0.017492396695942054
72 14 0.025897378847549436
72 15 0.035522061573282374
72 16 0.04636830614319714
72 17 0.058026200267802946
72 18 0.07040058338582797
72 19 0.08445147988615184
72 20 0.10345592235126055
72 21 0.1208070075808306
72 22 0.14552339624835225
72 23 0.18360881757760247
72 24 0.24139983750946448
72 25 0.4040321302514376
72 26 0.5105830973094997
72 27 0.5647782282061167
72 28 0.5875149332771562
72 29 0.6325842847813438
72 30 0.7239816770926687
72 31 0.7612564966050134
72 32 0.8375244536549402
72 33 0.8910201142062617
72 34 0.9246793811337075
72 35 0.9979920472642662
72 36 1.0480114520546508
72 37 1.080705857494296
72 38 1.2037280471588914
72 39 1.2963968118618108
72 40 1.2978361541585361
73 0 4.686002170554931e-07
73 1 3.664860170429227e-06
73 2 6.95829105579705e-06
73 3 2.7308206807427503e-05
73 4 4.768838624717496e-05
73 5 8.107180038383204e-05
73 6 0.00018207329821584198
73 7 0.00038903534567555093
73 8 0.0007979505961608235
73 9 0.0015240189730987889
73 10 0.0025853140236845947
73 11 0.006273922934884516
73 12 0.011810303552854456
73 13 0.018055898888824525
73 14 0.026531718009130293
73 15 0.03786640710436292
73 16 0.04710577305569417
73 17 0.057248968783523195
73 18 0.06951938759981052
73 19 0.08556592290852758
73 20 0.10349076536017633
73 21 0.12330921389435495
73 22 0.14748746874259738
73 23 0.19375983872863747
73 24 0.26372543476498045
73 25 0.4759571737903375
73 26 0.5040549454411581
73 27 0.5517504871740012
73 28 0.612330451460327
73 29 0.6469598090927109
73 30 0.714466174709398
73 31 0.7465785745313118
73 32 0.8306089020686166
73 33 0.8691062269786313
73 34 0.9414156486820603
73 35 1.002078699302211
73 36 1.0827005153009217
73 37 1.1360509409562771
73 38 1.178377418918866
73 39 1.2817067994008422
73 40 1.345735398632203
74 0 7.94265934673193e-06
74 1 5.465183573272652e-06
74 2 5.619892123476359e-06
74 3 1.3962734039572699e-05
74 4 5.396924131408182e-05
74 5 8.679225321518185e-05
74 6 0.00017469932989232329
74 7 0.00047304061864068353
74 8 0.0009561004758096372
74 9 0.0019258908303800457
74 10 0.0033502794057451283
74 11 0.007208041327638259
74 12 0.01257618547498702
74 13 0.020013185632457867
74 14 0.02623859786911096
74 15 0.0389993751348677
74 16 0.05007446133729019
74 17 0.06080719090025502
74 18 0.07194240489690189
74 19 0.08650567927753873
74 20 0.10494560837110767
74 21 0.12934981730759676
74 22 0.15671458669852642
74 23 0.20083592320938698
74 24 0.29184198866755234
74 25 0.46721999815874576
74 26 0.5017213048643718
74 27 0.5704537744940843
74 28 0.614556962245095
74 29 0.6500641717465424
74 30 0.7072332820304116
74 31 0.756657883558022
74 32 0.8161300960768036
74 33 0.8731705299248921
74 34 0.9450702163741104
74 35 0.9992591371905861
74 36 1.0547146587810352
74 37 1.1110522968837875
74 38 1.1541179560378507
74 39 1.2450572247640992
74 40 1.3642366518593527
