14 0 3.1541799476031654e-08
14 1 3.162654150252772e-06
14 2 1.9976503484244507e-05
14 3 5.07125860376863e-05
14 4 7.356405518940177e-05
14 5 0.00018509471162196474
14 6 0.000323936526862199
14 7 0.0006936914093859738
14 8 0.0011342061112194588
14 9 0.0026332346872034867
14 10 0.0047865454442376
14 11 0.009739958478706349
14 12 0.014490304006315133
14 13 0.01937188145537643
14 14 0.02572189757412964
14 15 0.03342790827284752
14 16 0.04190471314493617
14 17 0.053459908586185635
14 18 0.06627723379925085
14 19 0.08286964927048888
14 20 0.10187615409265256
14 21 0.12462422811393571
14 22 0.15414432423187407
14 23 0.1909280131999596
14 24 0.2529027249919802
14 25 0.46912845312903917
14 26 0.5089289586324723
14 27 0.5562770366834209
14 28 0.6119901269358293
14 29 0.6462757911457294
14 30 0.7154191515050302
14 31 0.7683103554899376
14 32 0.8245744523475449
14 33 0.8695999628708407
14 34 0.9375874879566185
14 35 1.0064157142832435
14 36 1.0821993509735033
14 37 1.1235019631032794
14 38 1.1716967468267827
14 39 1.2024479841761884
14 40 1.3268715828645286
15 0 2.788323368939026e-06
15 1 8.081601467156836e-06
15 2 4.21281553237441e-06
15 3 2.487333143959144e-05
15 4 7.272861951796126e-05
15 5 9.798307181222037e-05
15 6 0.00031710800815356796
15 7 0.0006032190645286061
15 8 0.0012014698542042214
15 9 0.0021582568266202556
15 10 0.004053713214492771
15 11 0.008702300342700945
15 12 0.014194805685612965
15 13 0.01926448025992958
15 14 0.024382899278212612
15 15 0.0321350388239311
15 16 0.04180681982334515
15 17 0.05158226995087979
15 18 0.06465102265913568
15 19 0.0802708485960336
15 20 0.09583711187098275
15 21 0.1231225383286497
15 22 0.15255181841924673
15 23 0.1849304103137131
15 24 0.24009069450378578
15 25 0.4730654150559203
15 26 0.5142126979114499
15 27 0.5577086491551765
15 28 0.6029529368052732
15 29 0.6683912436354117
15 30 0.7185686398873787
15 31 0.7501864723956714
15 32 0.8236177640648129
15 33 0.9116331507157929
15 34 0.9662561227203375
15 35 0.9806073917071
15 36 1.0730645950375717
15 37 1.1156322954335087
15 38 1.1870271922832
15 39 1.216956268775955
15 40 1.3183585276595675
16 0 5.288778618359726e-06
16 1 3.1481857912549315e-06
16 2 1.1651354243104535e-05
16 3 2.6904533869414065e-05
16 4 5.41892700441259e-05
16 5 0.00011359392370838384
16 6 0.00023946579655370539
16 7 0.0005210750468162994
16 8 0.000812466173918396
16 9 0.0019398564775153127
16 10 0.0038968881538544173
16 11 0.00798606146045865
16 12 0.013197742743994052
16 13 0.018242742272011572
16 14 0.02442919523186333
16 15 0.03213298091088102
16 16 0.040513985775988526
16 17 0.05172938325994267
16 18 0.06394196621796688
16 19 0.08096015379724707
16 20 0.09960569346712957
16 21 0.12498480688912136
16 22 0.14858282410193743
16 23 0.18774139351961194
16 24 0.2350567091285103
16 25 0.4519486609692667
16 26 0.5040988036536874
16 27 0.5568960596784462
16 28 0.6191217240331806
16 29 0.6683233834246255
16 30 0.7057330303222484
16 31 0.7676917728308357
16 32 0.7960712417041356
16 33 0.8820767140472437
16 34 0.9709764415963434
16 35 1.0513816553293127
16 36 1.0903472200081612
16 37 1.146110421207325
16 38 1.1663879499113559
16 39 1.2400066701772146
16 40 1.2896024173417107
17 0 2.26843349087068e-06
17 1 1.8031622550988107e-07
17 2 2.830533147676389e-06
17 3 2.364809149451092e-05
17 4 2.1164781707853686e-05
17 5 9.759241656155452e-05
17 6 0.00021201012532906188
17 7 0.00041515984934049026
17 8 0.0008154548301259383
17 9 0.0016498345234800223
17 10 0.0031339863074494553
17 11 0.006787968632695846
17 12 0.012036038456416176
17 13 0.017266760630217776
17 14 0.023149375188385984
17 15 0.03099096986382462
17 16 0.039409548637751105
17 17 0.05076597099620473
17 18 0.0626846100592444
17 19 0.07571285943609662
17 20 0.09393339391362199
17 21 0.11646432018722779
17 22 0.1441714404440663
17 23 0.17165307573427185
17 24 0.2235396736929729
17 25 0.38214199197396065
17 26 0.5139596921002026
17 27 0.5612609664074212
17 28 0.6151135401408413
17 29 0.6652285963279766
17 30 0.6939073933148139
17 31 0.749559133941504
17 32 0.8583748772936347
17 33 0.8563492987000846
17 34 0.9565734122859054
17 35 0.9798924183028427
17 36 1.0209282635273997
17 37 1.120883597888517
17 38 1.1481086610643392
17 39 1.2741431252577216
17 40 1.3401057486057657
18 0 6.836015260309551e-08
18 1 9.873701434513838e-09
18 2 9.800748192388921e-06
18 3 2.3698868107881776e-05
18 4 5.3396638546613116e-05
18 5 9.573410296433045e-05
18 6 0.0001993100102497415
18 7 0.0005064125937908463
18 8 0.0008260657474871704
18 9 0.0014386208953434555
18 10 0.0030270263602233264
18 11 0.005915229237480342
18 12 0.011012785413577877
18 13 0.016786338043801648
18 14 0.022221332340276824
18 15 0.02979199846190707
18 16 0.03773279428268244
18 17 0.04890057739584195
18 18 0.061495294411808676
18 19 0.07536587184341788
18 20 0.0916111768363277
18 21 0.11545863990841344
18 22 0.13967729819589528
18 23 0.16984428021505715
18 24 0.21928495554867217
18 25 0.32932881942473746
18 26 0.4937944805038006
18 27 0.5712250862007601
18 28 0.5966719088357073
18 29 0.6511409502480079
18 30 0.6981412531208476
18 31 0.7618881191138702
18 32 0.7990766012010565
18 33 0.8515331530345253
18 34 0.9473823878571215
18 35 1.0265193458533948
18 36 1.0748030716568868
18 37 1.1368615675372298
18 38 1.2010032395656909
18 39 1.2730583794671009
18 40 1.3501681103143728
19 0 4.3961827214204645e-09
19 1 3.475574477994977e-08
19 2 1.3646244560518317e-05
19 3 1.5009152686119209e-05
19 4 3.2127101428127554e-05
19 5 5.611338023752514e-05
19 6 0.0001657019126162646
19 7 0.0002964893141507255
19 8 0.0007404912019707766
19 9 0.0013261116133854492
19 10 0.0023406637809542203
19 11 0.0048142607053726656
19 12 0.010141840640420029
19 13 0.015006960305293233
19 14 0.02216599326722296
19 15 0.029291121120583637
19 16 0.03680494541629128
19 17 0.047715275687394094
19 18 0.05908366367918077
19 19 0.07407932684504158
19 20 0.08868569381660017
19 21 0.11232669978650629
19 22 0.14227107192327443
19 23 0.17274491960221458
19 24 0.2104825785197364
19 25 0.30809916257891184
19 26 0.5183508035581575
19 27 0.5550499143705613
19 28 0.6094365483935112
19 29 0.6599826704193794
19 30 0.7314120895798469
19 31 0.7576922090157341
19 32 0.8455427412231796
19 33 0.8866420628738706
19 34 0.9391891225259391
19 35 0.9892642779238622
19 36 1.0761300476273856
19 37 1.1508115866461988
19 38 1.2155739137702535
19 39 1.2605795902898016
19 40 1.3413143748485674
20 0 5.104877502096132e-09
20 1 2.9266664941188655e-06
20 2 5.9413041923236845e-06
20 3 1.66101252566435e-05
20 4 2.1709992582642233e-05
20 5 4.477347482522758e-05
20 6 0.00012112308112857868
20 7 0.0003160804643584636
20 8 0.0005949361218391471
20 9 0.0011013572978663163
20 10 0.0020089992393866806
20 11 0.0042063105597463625
20 12 0.008360100952116726
20 13 0.014785594134558624
20 14 0.020635291912040922
20 15 0.027996581218243614
20 16 0.03658323556338196
20 17 0.045248360571033694
20 18 0.05708584336861044
20 19 0.07277575184138321
20 20 0.08918348893609619
20 21 0.1106949216501577
20 22 0.1368154831326676
20 23 0.1665491637422964
20 24 0.20373371212959543
20 25 0.2879988934435908
20 26 0.5214229911004604
20 27 0.565220339329285
20 28 0.5968529293570486
20 29 0.6628784962399095
20 30 0.6894420230783577
20 31 0.7911168613842466
20 32 0.8286089731016903
20 33 0.8759048325363216
20 34 0.9558266449818631
20 35 0.9994694505392017
20 36 1.0741540989476106
20 37 1.116473756051259
20 38 1.180225477673432
20 39 1.247529388813904
20 40 1.2951899144834864
21 0 7.589282864174002e-09
21 1 1.1193719418481201e-06
21 2 4.6090269685599665e-06
21 3 1.8093237178632682e-05
21 4 1.7624604629069725e-05
21 5 6.458948701312724e-05
21 6 7.766256101273977e-05
21 7 0.0001870820627815117
21 8 0.00044890342518777546
21 9 0.0008007480470144687
21 10 0.0017435445239727635
21 11 0.0035176007257500842
21 12 0.007066025680203949
21 13 0.012449279290676315
21 14 0.019189616022145143
21 15 0.026986810567981537
21 16 0.03445104466537241
21 17 0.04495064309864675
21 18 0.05646073465382395
21 19 0.07107206617826768
21 20 0.08654735245456323
21 21 0.10776871974092256
21 22 0.1308591041643954
21 23 0.1646847824686893
21 24 0.2036653734980298
21 25 0.2819457815051508
21 26 0.49929875026977216
21 27 0.5718945832406936
21 28 0.6132346508776598
21 29 0.6509895568226161
21 30 0.7066142647332071
21 31 0.7617894796004686
21 32 0.8054945105417927
21 33 0.8830996460199667
21 34 0.9567340039336808
21 35 1.021834450549523
21 36 1.0784508471600893
21 37 1.1078151715551559
21 38 1.1822583618386358
21 39 1.2465106047880465
21 40 1.297847605623294
22 0 5.758017320595695e-09
22 1 2.879880689438958e-09
22 2 8.83188952202728e-06
22 3 3.919280864938805e-06
22 4 3.5269013847556386e-05
22 5 4.5896612071156836e-05
22 6 9.790413131592141e-05
22 7 0.00017689701712411527
22 8 0.00039558288376803966
22 9 0.0007072245165864947
22 10 0.0012908855999032784
22 11 0.002507733208073776
22 12 0.005223568372009831
22 13 0.010082066968497741
22 14 0.01796405593564026
22 15 0.025013157809364875
22 16 0.03418516323351762
22 17 0.044512151159812836
22 18 0.05663812055690304
22 19 0.07049515877685787
22 20 0.08904553442708464
22 21 0.10605068646336584
22 22 0.13007173686875909
22 23 0.15955811563030506
22 24 0.2049334507042938
22 25 0.26369249403961337
22 26 0.5003218509040522
22 27 0.5612977255246618
22 28 0.6157389842086685
22 29 0.6441818590673569
22 30 0.7202733388209751
22 31 0.7559397963987539
22 32 0.8268258007010938
22 33 0.8799421051885831
22 34 0.9370010293403324
22 35 1.0130110091419982
22 36 1.0254656813994025
22 37 1.1152821594664024
22 38 1.1894653022484907
22 39 1.2473706026633118
22 40 1.331984385110304
23 0 9.894475511492185e-06
23 1 6.7971699748300944e-06
23 2 5.941229633528277e-09
23 3 7.920379853169112e-06
23 4 1.7416845065579997e-05
23 5 3.2708310134827886e-05
23 6 6.145200958202921e-05
23 7 0.00014231766522251513
23 8 0.0003330566476430587
23 9 0.0007099731046872796
23 10 0.0010894255609781305
23 11 0.0023508944908945204
23 12 0.004410799317172515
23 13 0.008640573512908603
23 14 0.015101606971899582
23 15 0.023794754588263283
23 16 0.03278118953658398
23 17 0.043305945589776886
23 18 0.05465570372077898
23 19 0.06902835966583201
23 20 0.08591771683319527
23 21 0.10396363606700194
23 22 0.1289977706889731
23 23 0.15287963450430117
23 24 0.1931115561984036
23 25 0.25714398354186807
23 26 0.40643574949550915
23 27 0.5511686269581716
23 28 0.6029031275272895
23 29 0.6458726650428325
23 30 0.7070107379968658
23 31 0.7630879427744385
23 32 0.8181446148261134
23 33 0.8873226607957384
23 34 0.9194151489872027
23 35 1.0249044456480723
23 36 1.0326617954019053
23 37 1.1152912939859048
23 38 1.1895705327484702
23 39 1.2420032251750879
23 40 1.3121313480288732
24 0 6.644114389925147e-10
24 1 2.0172664024795836e-09
24 2 4.5707661890418125e-06
24 3 7.437329609170181e-06
24 4 7.739364130932255e-06
24 5 2.085423801855873e-05
24 6 4.540694399904171e-05
24 7 0.00011824095355244117
24 8 0.00025492914944379944
24 9 0.00047910503401439657
24 10 0.0010049060484010723
24 11 0.0016905063549411154
24 12 0.003299587850782415
24 13 0.006739130900102416
24 14 0.013698344581832259
24 15 0.02244520387369067
24 16 0.03142697578740082
24 17 0.041676189225254706
24 18 0.05376050435908246
24 19 0.06637507906630392
24 20 0.08497534125204947
24 21 0.10360443987170698
24 22 0.12326544821323203
24 23 0.14811298494311625
24 24 0.1893637866877653
24 25 0.24151894851936764
24 26 0.3798723735978005
24 27 0.5668915260485162
24 28 0.5974537536894915
24 29 0.6587345898038298
24 30 0.720149456669235
24 31 0.7483515786577677
24 32 0.8242942065167117
24 33 0.8955199670344925
24 34 0.9289046598599511
24 35 1.0033648752648012
24 36 1.070243986179365
24 37 1.1413247954839354
24 38 1.1673066205664895
24 39 1.2123209126578232
24 40 1.327141651878626
25 0 2.1919299182560646e-09
25 1 3.0765899228106535e-09
25 2 5.266775686729045e-09
25 3 1.0790934403471944e-05
25 4 5.81041939902443e-06
25 5 2.7101025057525242e-05
25 6 3.301402467682156e-05
25 7 9.339992313897611e-05
25 8 0.00012054326850317437
25 9 0.00032525453792676604
25 10 0.0007991525247938479
25 11 0.001453522553994832
25 12 0.003097202274415629
25 13 0.005581833097062645
25 14 0.010123661237944873
25 15 0.01997270577219597
25 16 0.02934199845657864
25 17 0.03909256530686682
25 18 0.052213399105378644
25 19 0.06521644055563029
25 20 0.08317906825165547
25 21 0.09814844014713803
25 22 0.12259725146794404
25 23 0.14465250362077006
25 24 0.1886589881797294
25 25 0.23885734535984124
25 26 0.361761682812627
25 27 0.558317775221793
25 28 0.6135222706263324
25 29 0.6605782353988692
25 30 0.7041472323043897
25 31 0.7439085667158332
25 32 0.822104880843062
25 33 0.8860474644361328
25 34 0.9695723568744005
25 35 1.0094496162644997
25 36 1.0867841678787895
25 37 1.1589441860405592
25 38 1.1870800098793566
25 39 1.2300757340680037
25 40 1.296834446690123
26 0 5.713014194960728e-10
26 1 1.7862113497190998e-09
26 2 4.455367842098949e-06
26 3 7.082209053761806e-09
26 4 5.2945617738941104e-06
26 5 3.5586225750125876e-05
26 6 8.100844069601696e-06
26 7 7.14369203872957e-05
26 8 0.00017090069606069544
26 9 0.0003442177672201764
26 10 0.0006754651703931363
26 11 0.001131125142082349
26 12 0.002427383849675244
26 13 0.004492365226107195
26 14 0.008045316027851157
26 15 0.015735823323657732
26 16 0.02686874155314523
26 17 0.0375247595333202
26 18 0.049586966827782054
26 19 0.06212642700859551
26 20 0.0796578432919594
26 21 0.09652904250438919
26 22 0.11982176934176611
26 23 0.14934927379471352
26 24 0.17669758498496663
26 25 0.22551640296406522
26 26 0.33071611833308
26 27 0.5727260477849463
26 28 0.6101386238981087
26 29 0.6583120812213162
26 30 0.7280803094155702
26 31 0.768614012527336
26 32 0.8061005193750144
26 33 0.892771083553453
26 34 0.9404272527112817
26 35 0.9988034234957582
26 36 1.0969043168588144
26 37 1.1312568108281975
26 38 1.1976947180151494
26 39 1.2743161169939388
26 40 1.2982634081156135
27 0 1.4281105328872266e-09
27 1 4.623351798803133e-06
27 2 7.622349435264242e-09
27 3 5.166817879614751e-06
27 4 6.054367078127293e-06
27 5 1.268912843242311e-05
27 6 1.0602512340364042e-05
27 7 6.653010866670748e-05
27 8 8.730122398218647e-05
27 9 0.00020651726913555927
27 10 0.0004700448741832795
27 11 0.0009354767998967877
27 12 0.0019564917895201405
27 13 0.0033818178860336844
27 14 0.006755251566872934
27 15 0.012753451653084202
27 16 0.023291911878775072
27 17 0.03563946349716717
27 18 0.04843421848563962
27 19 0.06293562449107945
27 20 0.07987008856291264
27 21 0.09730154693716102
27 22 0.11652776608859337
27 23 0.14003439178516547
27 24 0.17941025342054676
27 25 0.21970171134560168
27 26 0.3085377253744004
27 27 0.5512916295915266
27 28 0.6024428719540252
27 29 0.6680028356121522
27 30 0.7210085282493763
27 31 0.7771301328033408
27 32 0.8269344106340557
27 33 0.8959485361929262
27 34 0.9449092774716433
27 35 1.0152209800248382
27 36 1.0382188468376488
27 37 1.1134330672778125
27 38 1.166848357832848
27 39 1.2821742890221495
27 40 1.2934184998595024
28 0 5.924081678789352e-10
28 1 1.2758204149530324e-09
28 2 2.6066689453466216e-09
28 3 6.3135498498207904e-09
28 4 4.9033114271424525e-06
28 5 1.2954368264909527e-05
28 6 6.39346299987221e-06
28 7 2.0147255692921116e-05
28 8 8.812522820972793e-05
28 9 0.00015496145035534775
28 10 0.0003001269673958861
28 11 0.0007098501564126961
28 12 0.0014407127824158153
28 13 0.0028163951922763777
28 14 0.004635961464300614
28 15 0.009466742765719008
28 16 0.01926174332241007
28 17 0.03259890798041717
28 18 0.04602106092959141
28 19 0.06133874866294178
28 20 0.07411393486553246
28 21 0.09652206643508107
28 22 0.11599187686413588
28 23 0.13837452293785527
28 24 0.17637378360469824
28 25 0.21905573727903452
28 26 0.3057915097635716
28 27 0.5508724339706483
28 28 0.6074937883242508
28 29 0.6687338118443747
28 30 0.7158391858263312
28 31 0.7618883112578939
28 32 0.811315877656721
28 33 0.8827858765793564
28 34 0.9311728888664409
28 35 0.9860335425679349
28 36 1.045421919074051
28 37 1.1396323889975524
28 38 1.1860533907751514
28 39 1.2218471758355052
28 40 1.3463795288329914
29 0 6.571874315299017e-10
29 1 1.200455252431511e-09
29 2 2.3534670021416608e-09
29 3 4.38522402891505e-09
29 4 1.5062731802074754e-06
29 5 2.7399984625051385e-08
29 6 4.887994374708415e-08
29 7 4.346645003186397e-05
29 8 1.4798954632033226e-05
29 9 8.892250774089676e-05
29 10 0.0003435437947285436
29 11 0.0004518314072246507
29 12 0.0011533498007602523
29 13 0.0023434058551824043
29 14 0.0045106351389704105
29 15 0.007614957313481149
29 16 0.015720063461247682
29 17 0.028832327459808772
29 18 0.042116988944878364
29 19 0.05611174241068691
29 20 0.07282532452094104
29 21 0.09126396678850757
29 22 0.11557696475563868
29 23 0.13995683207078968
29 24 0.17011910150310192
29 25 0.2153255894604979
29 26 0.2824982546723717
29 27 0.4783971271821751
29 28 0.6042725686350926
29 29 0.6741425488402346
29 30 0.7105672268849342
29 31 0.7726786856365861
29 32 0.828992555656731
29 33 0.8987361921819316
29 34 0.9363566692685678
29 35 0.9633020261322017
29 36 1.0789713447740992
29 37 1.1174347858544138
29 38 1.1797418032893583
29 39 1.2566509738137528
29 40 1.3027573474319287
30 0 1.0010958444100794e-09
30 1 1.588836799771454e-09
30 2 1.7302372523858546e-09
30 3 4.115662639264248e-09
30 4 7.13902694820746e-09
30 5 1.7328874068768377e-08
30 6 1.4173258805629538e-05
30 7 3.280050768838193e-05
30 8 6.116756162797731e-05
30 9 0.0001087406578682105
30 10 0.0001437088563297611
30 11 0.000439614099952801
30 12 0.0009482796678013571
30 13 0.0017734174153298766
30 14 0.003169493079616867
30 15 0.006427136444572517
30 16 0.011872131392170802
30 17 0.02194529278101888
30 18 0.03822781408931454
30 19 0.05342476546281261
30 20 0.07253257884488626
30 21 0.08997872986694543
30 22 0.1125953999656721
30 23 0.13488034722335113
30 24 0.16930719114788395
30 25 0.2123379558680375
30 26 0.2704920730990419
30 27 0.42452920995533866
30 28 0.6056377664305496
30 29 0.6384459247279309
30 30 0.7037621263262231
30 31 0.7506402283749171
30 32 0.7995852757651445
30 33 0.8670656512706695
30 34 0.9613093025778969
30 35 1.0260083801190512
30 36 1.0388584741445241
30 37 1.13143451430318
30 38 1.1867870403469158
30 39 1.2564453208576556
30 40 1.3392625919433025
31 0 3.6479508571377415e-10
31 1 9.33850296658288e-10
31 2 1.9996635049464433e-09
31 3 3.688859961226289e-09
31 4 6.175946018229738e-09
31 5 8.9602637393887e-06
31 6 3.5359116382703524e-08
31 7 2.1873022387971714e-05
31 8 2.308552020124764e-07
31 9 5.139205475187021e-05
31 10 0.00016065067505477665
31 11 0.00039558847048033703
31 12 0.0007786021138701189
31 13 0.001327336538876784
31 14 0.0028307571395999073
31 15 0.004890583107380735
31 16 0.009517840397542257
31 17 0.01628141014300726
31 18 0.03274869632638847
31 19 0.04854548791681139
31 20 0.06858772590908742
31 21 0.08531774510442021
31 22 0.10970574442710689
31 23 0.13000730996348073
31 24 0.15988176524413888
31 25 0.2008627812853708
31 26 0.2609178724234022
31 27 0.3981168598043537
31 28 0.6023421555977904
31 29 0.6540381698295737
31 30 0.7330513497924706
31 31 0.743537490262767
31 32 0.8295384651070744
31 33 0.8825727238832476
31 34 0.9418655894771418
31 35 0.9938332465665637
31 36 1.0465972285591907
31 37 1.1192215142341566
31 38 1.180476964501837
31 39 1.2762101416436282
31 40 1.2915527613706328
32 0 4.2327156900838404e-10
32 1 7.830932987233195e-10
32 2 2.0705573670766784e-09
32 3 3.0588411959764166e-09
32 4 9.631945682730012e-06
32 5 1.438582557158501e-08
32 6 2.9574901224783956e-08
32 7 5.539856038885486e-06
32 8 4.386922114867547e-05
32 9 6.364645791576715e-05
32 10 7.868085606227135e-05
32 11 0.0003657406010935093
32 12 0.00043602956699424674
32 13 0.0010334395179164696
32 14 0.002159710664260171
32 15 0.003515571628480457
32 16 0.007591424194551538
32 17 0.013932374961849368
32 18 0.026489615373382548
32 19 0.04361597713827822
32 20 0.06296141296092382
32 21 0.08079478712939302
32 22 0.10449412896353656
32 23 0.12741050327882986
32 24 0.16121858960723703
32 25 0.20022848380907324
32 26 0.2597731772768377
32 27 0.36206065121945163
32 28 0.5935177486413471
32 29 0.6667074793398304
32 30 0.7023572735245223
32 31 0.7623956237482385
32 32 0.8346789722105746
32 33 0.8927766474166332
32 34 0.9388792970540293
32 35 0.987535576446733
32 36 1.0423464279914247
32 37 1.1616472726656062
32 38 1.2249739522905403
32 39 1.252481424425298
32 40 1.3212384684123635
33 0 2.991741408632166e-10
33 1 1.008604423961509e-09
33 2 1.475076557847982e-09
33 3 2.825852965401822e-09
33 4 6.120590073463169e-09
33 5 1.3040007996207985e-08
33 6 7.831276109018666e-06
33 7 1.5510646879212535e-05
33 8 2.4948783958443097e-05
33 9 4.9585065502534014e-05
33 10 9.734676395640653e-05
33 11 0.00011070418091505509
33 12 0.0003161454942448054
33 13 0.0007984142782465263
33 14 0.001525724138540104
33 15 0.003124258445869259
33 16 0.0050094486479585285
33 17 0.01144063850545579
33 18 0.02077674688491709
33 19 0.03763447965929983
33 20 0.058017919239368713
33 21 0.07896339661966074
33 22 0.10043857900483137
33 23 0.12679014696168678
33 24 0.1555683193951642
33 25 0.19102690923640764
33 26 0.2500795936313538
33 27 0.3398829401773832
33 28 0.6083833480867354
33 29 0.6389329546625089
33 30 0.7047470750273723
33 31 0.7839998934581556
33 32 0.8116732839967501
33 33 0.8822197266375319
33 34 0.9447571869852476
33 35 1.0018554099893031
33 36 1.0404413964162909
33 37 1.102062530475504
33 38 1.2128152052345111
33 39 1.269379996816146
33 40 1.3092403101397563
34 0 3.6880969287902446e-10
34 1 7.523819216353486e-10
34 2 2.3413240825146426e-09
34 3 3.5922275700938853e-09
34 4 5.896781169666503e-09
34 5 1.2125059846816433e-08
34 6 1.8863641896187193e-05
34 7 7.388076140601852e-06
34 8 2.8658000621120006e-05
34 9 1.1318304044121432e-05
34 10 7.593254911758268e-05
34 11 0.0001356060048893723
34 12 0.00036147596049016775
34 13 0.0005861206494872904
34 14 0.0014916868914161055
34 15 0.002711569408546376
34 16 0.004386363171417395
34 17 0.008991673494665953
34 18 0.017004955250923506
34 19 0.03087079135784647
34 20 0.053622146332685465
34 21 0.0738188311543573
34 22 0.09864254431783621
34 23 0.1224108597508946
34 24 0.1469378370236534
34 25 0.18859082929792215
34 26 0.24666062129628522
34 27 0.32794209238639177
34 28 0.590511278465786
34 29 0.6533854088277842
34 30 0.697713692835723
34 31 0.7410380726944044
34 32 0.8107316296088501
34 33 0.86044794505802
34 34 0.9270339609866729
34 35 0.9944260854652605
34 36 1.0884585990095281
34 37 1.126993364357886
34 38 1.188679289785308
34 39 1.2727686684683603
34 40 1.3055366653156015
35 0 4.747155991825591e-10
35 1 9.155974531278743e-10
35 2 1.8299764000847591e-09
35 3 2.630214328555053e-09
35 4 6.12924644282683e-09
35 5 8.863538774603564e-09
35 6 6.10618994041389e-08
35 7 3.792142161614015e-08
35 8 5.627207186801643e-06
35 9 3.0044057571356796e-05
35 10 9.11827392497812e-05
35 11 9.746861543505143e-05
35 12 0.00014721764867812152
35 13 0.00036518083305079365
35 14 0.00117644991329576
35 15 0.0020079856250470956
35 16 0.0038365535503901947
35 17 0.007319531312973643
35 18 0.01228783533322773
35 19 0.02380034875753513
35 20 0.045584873900602875
35 21 0.06938831527865902
35 22 0.09670000393618522
35 23 0.11834178425887662
35 24 0.14711043187917922
35 25 0.18554898170468423
35 26 0.23257062930726688
35 27 0.3072550985469866
35 28 0.5875158006223147
35 29 0.6596774549267658
35 30 0.6995951424433864
35 31 0.7671408797914366
35 32 0.8203141779317766
35 33 0.8816086590863411
35 34 0.9327386175383994
35 35 1.0018944477109386
35 36 1.0547507083202905
35 37 1.1235278170895997
35 38 1.1808751143800855
35 39 1.219287618165896
35 40 1.2976426779940218
36 0 4.1423753962844273e-10
36 1 1.3443916036303103e-09
36 2 1.6438062570461445e-09
36 3 2.2878611902470074e-09
36 4 5.170256700129208e-09
36 5 1.0849606735899008e-08
36 6 3.654182302559179e-08
36 7 3.737908706551808e-08
36 8 2.269634185815216e-05
36 9 2.908458138006173e-07
36 10 3.4414195445216434e-05
36 11 9.61492723268718e-05
36 12 0.00020954250344778233
36 13 0.0004930067325895017
36 14 0.0007268911128321978
36 15 0.0018686837360764271
36 16 0.0027290454077175176
36 17 0.005994569533468678
36 18 0.009667130428980092
36 19 0.02019290391357886
36 20 0.03966627140189199
36 21 0.06562899438329572
36 22 0.08945591466138976
36 23 0.11232114788592673
36 24 0.14271257044501492
36 25 0.17608554904666301
36 26 0.22509560132258624
36 27 0.3070038899579733
36 28 0.5080766287468307
36 29 0.6674137281493426
36 30 0.6998999223578936
36 31 0.7530974276884003
36 32 0.833416642434104
36 33 0.8810863511469063
36 34 0.9517873112232217
36 35 1.0206473213051792
36 36 1.0397705075133878
36 37 1.0954016521578887
36 38 1.209229518587067
36 39 1.2116253470639928
36 40 1.3317466808532386
37 0 5.894959131066242e-10
37 1 8.308794517307694e-10
37 2 1.351962553557842e-09
37 3 2.104616213737243e-09
37 4 6.6683627612220644e-09
37 5 4.158443927140481e-08
37 6 2.136801680508326e-08
37 7 3.3045529659539705e-08
37 8 1.1555479788662108e-07
37 9 6.812751449627158e-06
37 10 2.5990210589812953e-05
37 11 0.00016342222464960302
37 12 0.00015498930289107205
37 13 0.00025397907753018967
37 14 0.0005712201544266492
37 15 0.0012214352680831857
37 16 0.002761114917773406
37 17 0.00480539552547408
37 18 0.008993009585426695
37 19 0.01818468063863069
37 20 0.033624593522076834
37 21 0.06112679570832736
37 22 0.08567227239742055
37 23 0.11399638714050024
37 24 0.13978288998758873
37 25 0.17718140928278717
37 26 0.2247013688500745
37 27 0.28868703983255967
37 28 0.45640403148446673
37 29 0.6563405692675939
37 30 0.7324247601683794
37 31 0.7561519848214266
37 32 0.8276845572745362
37 33 0.8634888035788354
37 34 0.9378389273460445
37 35 1.0003068582158547
37 36 1.0636945834325766
37 37 1.1233348436509967
37 38 1.2128300614446972
37 39 1.2632786312310849
37 40 1.312847018456367
38 0 5.166366766688741e-10
38 1 1.1929299458338566e-09
38 2 1.6349623533881513e-09
38 3 3.2944565327943905e-09
38 4 6.978094685961804e-09
38 5 8.913062032957576e-09
38 6 2.1726809802363006e-08
38 7 3.073686155340969e-08
38 8 6.129789255656735e-08
38 9 1.1483685503313694e-07
38 10 4.900603858431429e-05
38 11 4.053083043367404e-05
38 12 0.00013813548970794567
38 13 0.00022387065001916264
38 14 0.00047986894152570895
38 15 0.0008321500462065958
38 16 0.0021887312550426968
38 17 0.004157153367009542
38 18 0.008124440779804983
38 19 0.015405400828430456
38 20 0.02878573270026835
38 21 0.05507757126566444
38 22 0.08103340414921782
38 23 0.11159131999671376
38 24 0.13405879398429987
38 25 0.17249792812848885
38 26 0.22050473916530242
38 27 0.2760205171320625
38 28 0.4235984043681582
38 29 0.6594302231780128
38 30 0.7120422940462858
38 31 0.7632712410494691
38 32 0.8406968410159565
38 33 0.8752317948071241
38 34 0.9583931984065406
38 35 0.9961118774511973
38 36 1.059813548944652
38 37 1.1651821268499742
38 38 1.2006155993687668
38 39 1.227576210950236
38 40 1.3457959595839217
39 0 5.38288725043398e-10
39 1 1.337342191179377e-09
39 2 1.78254293355853e-09
39 3 2.9017331440012583e-09
39 4 6.154407487505462e-09
39 5 7.46858656857329e-09
39 6 5.915837532826454e-08
39 7 2.3719272847801846e-07
39 8 1.0275655773494706e-07
39 9 5.104776147113356e-06
39 10 5.0491542614067185e-05
39 11 1.3789243938620468e-05
39 12 8.845628815007293e-05
39 13 0.000327072390655738
39 14 0.0004615625243033351
39 15 0.0008401118356516234
39 16 0.001789242263137404
39 17 0.003603963255996503
39 18 0.007158121830290741
39 19 0.014492518495749385
39 20 0.0285920459019851
39 21 0.05013623498923189
39 22 0.07689273964793887
39 23 0.10727179260295931
39 24 0.1368121091655765
39 25 0.16462968306263842
39 26 0.2099937501675876
39 27 0.2743100917920273
39 28 0.40109796559569794
39 29 0.6532733072730422
39 30 0.709875273861324
39 31 0.7757409033020533
39 32 0.8313377551062283
39 33 0.9016973800318799
39 34 0.9222807367504967
39 35 0.9954418390444097
39 36 1.0750178766849485
39 37 1.1127096013325144
39 38 1.1897057306200247
39 39 1.2603629725410255
39 40 1.3128312968816236
40 0 6.023144049873528e-10
40 1 1.3206344415726206e-09
40 2 2.1687473048073735e-09
40 3 2.7440916838954522e-09
40 4 3.837665478282429e-09
40 5 1.9518115521482518e-08
40 6 3.0809143233020105e-08
40 7 3.319569801510575e-08
40 8 8.243898232825153e-08
40 9 1.4992375663104664e-07
40 10 2.6922886410564155e-05
40 11 6.797255458241852e-07
40 12 4.028597769924803e-05
40 13 0.00025420307278070116
40 14 0.00036188032997996314
40 15 0.0009649020917193631
40 16 0.0017286442397016447
40 17 0.0038298543656885564
40 18 0.006403748391582425
40 19 0.013518956241187147
40 20 0.025098632122979796
40 21 0.046672967343973845
40 22 0.07766963257895577
40 23 0.10092654197750016
40 24 0.1328021684530541
40 25 0.16919454746499285
40 26 0.20597242024497
40 27 0.2571333113610374
40 28 0.37314771474972774
40 29 0.6467512766769705
40 30 0.7048477743219596
40 31 0.7568185616940731
40 32 0.8143084346344063
40 33 0.9105005800753483
40 34 0.9308267657499433
40 35 0.9818615786220011
40 36 1.0790994698351035
40 37 1.1514750832922043
40 38 1.1679571583977681
40 39 1.2519541332414656
40 40 1.3516985211819281
41 0 8.27298298937753e-10
41 1 1.8893088035837327e-09
41 2 2.1616219442422154e-09
41 3 3.296656013339527e-09
41 4 9.839066053644454e-09
41 5 8.951834450202046e-09
41 6 1.8259755678959056e-08
41 7 3.160785558917676e-08
41 8 5.855338541862838e-08
41 9 4.940545230907223e-07
41 10 9.96397806388132e-06
41 11 6.986114550759721e-05
41 12 4.867950609429745e-05
41 13 0.00027129258768072794
41 14 0.00028704335430277956
41 15 0.0006416538929287932
41 16 0.0013573225357552967
41 17 0.002945730445919652
41 18 0.006070943055123499
41 19 0.011077811818166023
41 20 0.022839350283113895
41 21 0.045064997893025364
41 22 0.07192360319712886
41 23 0.09895580212406843
41 24 0.12849015439518
41 25 0.1628771022958916
41 26 0.20200010058658777
41 27 0.2508137107687653
41 28 0.3651359914784336
41 29 0.643849277548792
41 30 0.7159341667297383
41 31 0.7691854702396604
41 32 0.8380650161952515
41 33 0.8942804208498948
41 34 0.9694618903813181
41 35 0.9942283705427488
41 36 1.0625141154373523
41 37 1.1230098374012711
41 38 1.1575396127421735
41 39 1.2817354299875905
41 40 1.334686714063629
42 0 9.616225445400771e-10
42 1 2.142148224260198e-09
42 2 2.5240101380332574e-09
42 3 4.1304794582439825e-09
42 4 7.829692682268486e-09
42 5 8.466382988578529e-09
42 6 2.0610335195343183e-08
42 7 3.257986347199407e-08
42 8 7.641738827898406e-08
42 9 1.748354786192591e-05
42 10 2.7950454356659394e-05
42 11 2.1020243378202017e-05
42 12 3.667241640571982e-06
42 13 0.00027782844530671136
42 14 0.0004147852816175991
42 15 0.0005913896229517667
42 16 0.0017618628989000981
42 17 0.0027031866229609712
42 18 0.005877552417071788
42 19 0.01328996908034419
42 20 0.02192406495180906
42 21 0.04447575007540874
42 22 0.07262393755546219
42 23 0.09862404995450948
42 24 0.12735558440743067
42 25 0.16528463452474576
42 26 0.19821308322060602
42 27 0.2570178073698573
42 28 0.34279491476006263
42 29 0.6698557781083662
42 30 0.7072546838963213
42 31 0.7594974296386061
42 32 0.813892861305987
42 33 0.8591022341433807
42 34 0.947474255433666
42 35 0.9826726698170299
42 36 1.0327560442042014
42 37 1.126246032157199
42 38 1.217488236803
42 39 1.2368158054399216
42 40 1.2993152809600363
43 0 1.038606464482233e-09
43 1 2.381466225280956e-09
43 2 3.1201190503133003e-09
43 3 3.506896500308638e-09
43 4 5.083186362071479e-09
43 5 1.0123189413769622e-08
43 6 3.867145440266049e-08
43 7 3.407329434570885e-08
43 8 1.0835424411468112e-07
43 9 2.1772917866093292e-05
43 10 5.6009104552042085e-05
43 11 2.0259697213313525e-05
43 12 7.851269168261323e-05
43 13 3.9032966084000695e-05
43 14 0.00036127228965505655
43 15 0.0006829739273681173
43 16 0.0015055093166977925
43 17 0.0031249710697915842
43 18 0.005935886204764731
43 19 0.010754160565078615
43 20 0.020435610144347204
43 21 0.042147485331821985
43 22 0.07246285642134515
43 23 0.0973799814201828
43 24 0.12686512931785993
43 25 0.16091881443407202
43 26 0.19949607995592006
43 27 0.2528189728417914
43 28 0.34641775379097717
43 29 0.6706134597913318
43 30 0.7394177162500477
43 31 0.7766164080948076
43 32 0.833201825129584
43 33 0.8689888092638979
43 34 0.9472817227186017
43 35 0.9657876901140897
43 36 1.0595166424668656
43 37 1.0953804104311542
43 38 1.1978154453967385
43 39 1.262280714145523
43 40 1.2708407922519667
44 0 1.1275621055556267e-09
44 1 2.558057017355779e-09
44 2 3.3011842946983998e-09
44 3 4.7602992726124225e-09
44 4 9.352355698711397e-09
44 5 1.6190581737922227e-08
44 6 2.1682068726128507e-08
44 7 3.257237528916065e-08
44 8 6.689352364444042e-08
44 9 2.089799017955583e-06
44 10 6.177336894837545e-07
44 11 6.760626674401718e-05
44 12 6.963615364313944e-05
44 13 7.206729809183445e-05
44 14 0.0001599692070543359
44 15 0.000538566688971446
44 16 0.0013151565663657217
44 17 0.0024777572887319235
44 18 0.00553480656310342
44 19 0.012167727698232331
44 20 0.020567710029500023
44 21 0.04140619377212958
44 22 0.06839309654072225
44 23 0.09706700669672198
44 24 0.12064414368516149
44 25 0.16137057671456045
44 26 0.19878787362550182
44 27 0.24650502423397103
44 28 0.3350208690977562
44 29 0.6691862199992007
44 30 0.7239823717276429
44 31 0.761293190594433
44 32 0.8180870019949982
44 33 0.8878043561990504
44 34 0.9436990174080518
44 35 0.9944247003231783
44 36 1.0641626170501162
44 37 1.0937845702629243
44 38 1.1638188276521224
44 39 1.2523106906835368
44 40 1.3083502703753889
45 0 1.4713815196066273e-09
45 1 3.064051235002611e-09
45 2 3.763670342393214e-09
45 3 5.519968196171369e-09
45 4 7.362263232206822e-09
45 5 1.2946323867653626e-08
45 6 4.1506538770259326e-07
45 7 1.3182823978163788e-07
45 8 2.5564644598885e-07
45 9 1.3736170231810572e-06
45 10 5.178989919003271e-07
45 11 9.840346063257426e-07
45 12 9.87565897944168e-05
45 13 0.00016739900336535342
45 14 0.00029496376600193417
45 15 0.0006859302478335442
45 16 0.0015739792001581503
45 17 0.0027159734025209354
45 18 0.005353714659218532
45 19 0.011322033397555472
45 20 0.023070321167891508
45 21 0.04128485833361924
45 22 0.07017809558726458
45 23 0.09500641114576122
45 24 0.12527563208529827
45 25 0.15834263349026498
45 26 0.1915469152856877
45 27 0.23710324411927605
45 28 0.3279419752516828
45 29 0.6476902310471065
45 30 0.7254350003848542
45 31 0.7825697864334861
45 32 0.8410818379928238
45 33 0.8794143136287846
45 34 0.9568820812650265
45 35 0.9881762409118775
45 36 1.0884524714336314
45 37 1.0956014287575975
45 38 1.201282003145027
45 39 1.255324457323932
45 40 1.2882126048453988
46 0 1.7146811983793062e-09
46 1 3.6087398483759513e-09
46 2 4.698616123013501e-09
46 3 5.708321446872426e-09
46 4 7.551864898630874e-09
46 5 1.0978231853068954e-08
46 6 1.8412407618116732e-08
46 7 3.287486709972504e-07
46 8 6.280386198283447e-08
46 9 1.9498251814045505e-05
46 10 2.6319570746458677e-05
46 11 6.92504403533759e-07
46 12 4.234679430821198e-05
46 13 1.2667062395701975e-05
46 14 0.00018660254494393193
46 15 0.0007414092187542454
46 16 0.0015520901436637065
46 17 0.0029669003532397133
46 18 0.00550435001874914
46 19 0.011459512668868393
46 20 0.02106420368707461
46 21 0.0430363362295491
46 22 0.07022844046679
46 23 0.09441549475252017
46 24 0.12022653758079646
46 25 0.1586933386020936
46 26 0.18780654304561153
46 27 0.23341943535061538
46 28 0.32191835636725546
46 29 0.6423071511239685
46 30 0.7149153387424774
46 31 0.7683097899755706
46 32 0.8136796462501212
46 33 0.8605897072078016
46 34 0.9451772513454234
46 35 0.9933095977837022
46 36 1.0817160659855396
46 37 1.12544467376417
46 38 1.1821058024179953
46 39 1.2372867095882787
46 40 1.3210536772635078
47 0 1.9985235107558453e-09
47 1 4.058540816903695e-09
47 2 5.380242534329965e-09
47 3 5.944436092505062e-09
47 4 8.239845530030695e-09
47 5 1.5447733929709327e-08
47 6 3.2173761779322696e-08
47 7 4.6172714080073394e-08
47 8 5.744636998407927e-08
47 9 1.5263557102408323e-05
47 10 9.374016846595002e-07
47 11 1.4717024132317215e-06
47 12 5.39196620279143e-05
47 13 0.00014820816663722216
47 14 0.0004151997326113725
47 15 0.0004824374383995947
47 16 0.0015191105217223343
47 17 0.002728727294859319
47 18 0.00651815394608487
47 19 0.011984952849502772
47 20 0.02332087057421048
47 21 0.04305469622538705
47 22 0.07109734032124436
47 23 0.09768609278748376
47 24 0.1220040345285265
47 25 0.1530590625114705
47 26 0.1870223593890824
47 27 0.22959560513595592
47 28 0.32665706731428673
47 29 0.6333936992511694
47 30 0.7113858671881701
47 31 0.7758785196047907
47 32 0.8337645044294928
47 33 0.8827814837751463
47 34 0.9626257000937433
47 35 0.9976435107317447
47 36 1.076683717409265
47 37 1.1490428822566945
47 38 1.1877024873436024
47 39 1.2524155340779077
47 40 1.310925365099716
48 0 2.0284917441181127e-09
48 1 4.332184804424488e-09
48 2 6.054803290081618e-09
48 3 6.393497012099718e-09
48 4 9.211721605132431e-09
48 5 1.2130063940737205e-08
48 6 2.5291645953056582e-08
48 7 4.314211456351458e-08
48 8 5.6614256799640874e-08
48 9 2.2464100027926912e-07
48 10 4.755286816175229e-05
48 11 4.9297508997533076e-06
48 12 5.286426655658263e-06
48 13 6.694416977208514e-05
48 14 0.0003273741873936462
48 15 0.0008004780752824449
48 16 0.001708513069595142
48 17 0.0031013748378948105
48 18 0.006078960302637461
48 19 0.011362494499208538
48 20 0.023392482379886708
48 21 0.046738603635846275
48 22 0.07171143944054036
48 23 0.09601721017811897
48 24 0.12423662359948584
48 25 0.1510331801668571
48 26 0.19345653765771384
48 27 0.24316206447482144
48 28 0.327906230187537
48 29 0.6342603504930077
48 30 0.7301226359858407
48 31 0.7612109921564998
48 32 0.8168421303387312
48 33 0.9017474292785876
48 34 0.9378388648793549
48 35 1.0088178943044972
48 36 1.0557339387686342
48 37 1.0994406129078491
48 38 1.1731678393234464
48 39 1.2491365323835508
48 40 1.2951621157015463
49 0 2.367974569026819e-09
49 1 5.3798018742639045e-09
49 2 6.380760244725759e-09
49 3 7.06516277656508e-09
49 4 1.0657022325300731e-08
49 5 1.4477851397060005e-08
49 6 2.8246649191841844e-08
49 7 5.153207091441834e-08
49 8 1.2374276257533245e-07
49 9 1.4529562758726782e-07
49 10 2.6196305541580194e-05
49 11 4.954634987462501e-05
49 12 4.0609476459370625e-05
49 13 0.00014274903426679688
49 14 0.0004697031205647005
49 15 0.001134359531140007
49 16 0.001621062569219592
49 17 0.002713419583006598
49 18 0.0065560148204888945
49 19 0.012149398448794849
49 20 0.02493451336895781
49 21 0.04757068315267041
49 22 0.07388299077801785
49 23 0.09754065324500827
49 24 0.1246369182275821
49 25 0.15570087512815686
49 26 0.1903714115250321
49 27 0.24433350723874891
49 28 0.3357200305069907
49 29 0.6021620262749954
49 30 0.7166194618914401
49 31 0.747234245740186
49 32 0.8241351647412098
49 33 0.9014427053049668
49 34 0.9521929792741632
49 35 0.9974883799283852
49 36 1.0721826190388524
49 37 1.1492685438788295
49 38 1.2148786560873233
49 39 1.2234801086914073
49 40 1.316999534857236
50 0 2.6916687850083516e-09
50 1 5.598605926513273e-09
50 2 7.313759294457221e-09
50 3 9.213741109447401e-09
50 4 1.2017006910603461e-08
50 5 1.4513091500349395e-07
50 6 3.742365878297651e-08
50 7 3.5705442094388583e-08
50 8 1.352166962611478e-07
50 9 1.2529252698549735e-07
50 10 2.3754957482616552e-05
50 11 5.831995432754619e-05
50 12 9.493399667055442e-05
50 13 0.00017075467825993705
50 14 0.00041323946706721084
50 15 0.0009532614681862242
50 16 0.0013026177197454207
50 17 0.0037246317228556173
50 18 0.00664239104848849
50 19 0.013552728690999383
50 20 0.026695360127586987
50 21 0.048334734918823646
50 22 0.07705818354286821
50 23 0.10221573994330886
50 24 0.12542352669992934
50 25 0.1577222736679789
50 26 0.1982359578770263
50 27 0.24074659357093733
50 28 0.3335456125587648
50 29 0.6090952169349539
50 30 0.7218125601310529
50 31 0.7391406511199997
50 32 0.7964138546015523
50 33 0.8593313520338824
50 34 0.9317385955941165
50 35 0.9865284777900215
50 36 1.0906069752928622
50 37 1.1329886556309452
50 38 1.2048349970654784
50 39 1.2606101240146492
50 40 1.3210712777463516
51 0 3.1278792330200677e-09
51 1 6.4340406924219995e-09
51 2 8.29240613025742e-09
51 3 9.46041505013021e-09
51 4 1.141221801393125e-08
51 5 1.6472674888016954e-08
51 6 2.323742839011981e-08
51 7 3.557523608807736e-08
51 8 9.01583963431525e-08
51 9 2.1801961499792684e-05
51 10 2.4727883821765834e-05
51 11 4.731338132358867e-05
51 12 9.296564223347964e-05
51 13 0.000123475280068563
51 14 0.0005231070084919058
51 15 0.0010448907555237813
51 16 0.0020662261714514503
51 17 0.0035326203952019027
51 18 0.007522953442418862
51 19 0.014748621004063012
51 20 0.02893395623011462
51 21 0.05311413253953817
51 22 0.07611137449816427
51 23 0.1040299872057085
51 24 0.12838025550667329
51 25 0.15729989768936056
51 26 0.19555151154540498
51 27 0.25843562194544983
51 28 0.34530623131075316
51 29 0.6342950039508037
51 30 0.7029212626915212
51 31 0.7698144782902617
51 32 0.8132388366789355
51 33 0.8800569543110922
51 34 0.9349502091846991
51 35 1.0138099711519815
51 36 1.0907956408051822
51 37 1.1218526533118114
51 38 1.1780547815491729
51 39 1.2740591757932713
51 40 1.3225177062195375
52 0 3.6775229703604722e-09
52 1 7.685622081797142e-09
52 2 8.935577594778862e-09
52 3 1.018029803150219e-08
52 4 1.1596938124078718e-08
52 5 1.4577327862895387e-08
52 6 2.2784513103641187e-08
52 7 2.641537664504952e-05
52 8 1.5502307530090915e-07
52 9 1.3355171734579951e-05
52 10 3.3832492291954974e-05
52 11 2.059118385741056e-05
52 12 7.509778831739902e-05
52 13 0.0003416471466987439
52 14 0.0005949603623201988
52 15 0.0009035778030960554
52 16 0.0023333173462861275
52 17 0.004740593366274497
52 18 0.00893167980477056
52 19 0.017648135943133875
52 20 0.030756186806985254
52 21 0.05442142569486669
52 22 0.08200701286979846
52 23 0.10757087588785715
52 24 0.1314653405889799
52 25 0.158057222368685
52 26 0.19890024301498252
52 27 0.2574443523225496
52 28 0.35620410980332773
52 29 0.6851696593139737
52 30 0.7095793043766407
52 31 0.780730455996623
52 32 0.8345522294799719
52 33 0.8623905699004699
52 34 0.9328070711980008
52 35 1.0032641710801975
52 36 1.0439689267632484
52 37 1.1358559527277345
52 38 1.19187346315539
52 39 1.2210609500896272
52 40 1.3344239206569852
53 0 3.7139252619064145e-09
53 1 8.119363355580335e-09
53 2 1.0178444081432554e-08
53 3 1.1615075541512161e-08
53 4 2.3614359094217408e-08
53 5 1.6754552066726185e-08
53 6 2.7392157245144734e-08
53 7 5.5021134622852684e-08
53 8 1.244558443196635e-07
53 9 3.6469572109450545e-05
53 10 1.3912004476321666e-05
53 11 6.484971628719717e-05
53 12 0.0002162798138813314
53 13 0.00030556272286365804
53 14 0.0007104172015541535
53 15 0.0015849779042290354
53 16 0.0026099386814303262
53 17 0.006226019909997877
53 18 0.01122839326741551
53 19 0.019869321310119915
53 20 0.03775025731065448
53 21 0.06309075843189359
53 22 0.08380698538321296
53 23 0.10644742084034599
53 24 0.1308550626660096
53 25 0.1669083329711585
53 26 0.2056622886640956
53 27 0.25461181808321753
53 28 0.3578085329538551
53 29 0.6500250697501535
53 30 0.6953987547178574
53 31 0.7606632568775118
53 32 0.8284521564071223
53 33 0.8856054738447546
53 34 0.9305924162036526
53 35 0.9878439479323547
53 36 1.0707944822565933
53 37 1.109152381373672
53 38 1.1917510855876778
53 39 1.279795714711643
53 40 1.325372722623377
54 0 4.424000351513983e-09
54 1 8.950562281213244e-09
54 2 1.1158400313459423e-08
54 3 1.245214343605688e-08
54 4 1.2626762624149487e-08
54 5 1.7830170066479387e-08
54 6 3.081430440482629e-08
54 7 1.768817897215354e-05
54 8 1.320834327096892e-05
54 9 3.3028445063716746e-05
54 10 3.249563573290351e-05
54 11 8.73524512694924e-05
54 12 0.0002801408182404069
54 13 0.0006601164815353254
54 14 0.0009822344071100584
54 15 0.0016296810243971518
54 16 0.0030352583175325947
54 17 0.0068206525889920626
54 18 0.013299868974205474
54 19 0.02374844764361309
54 20 0.045532242327953575
54 21 0.06496624224638929
54 22 0.0908502645852072
54 23 0.1090087212065721
54 24 0.13143008706456688
54 25 0.16259357259587814
54 26 0.20594555759344804
54 27 0.2665543214436538
54 28 0.3803143807836415
54 29 0.6635212418742352
54 30 0.7224944778347636
54 31 0.762520558433654
54 32 0.8004490194333934
54 33 0.9036925509553253
54 34 0.9561453611887955
54 35 1.0055569177202277
54 36 1.0631868922793908
54 37 1.1313868212315745
54 38 1.1810728385096996
54 39 1.2291610398358592
54 40 1.3005944622157126
55 0 4.975490433900567e-09
55 1 9.94053987469018e-09
55 2 1.2445758981318259e-08
55 3 1.283936170735759e-08
55 4 1.5488737296639878e-08
55 5 2.001185977371017e-08
55 6 2.689711235594321e-08
55 7 4.329314444223444e-08
55 8 9.486737685056595e-06
55 9 2.9099756762589514e-05
55 10 6.0101233570215374e-05
55 11 0.00014522584062754597
55 12 0.00019871632493280927
55 13 0.0006181654371296788
55 14 0.0011737780493505554
55 15 0.002289213969948688
55 16 0.00423147986860812
55 17 0.008244122823437946
55 18 0.01624067443422384
55 19 0.028871879808218547
55 20 0.0512321756244065
55 21 0.07019479817559009
55 22 0.09131854986525846
55 23 0.11360756987637563
55 24 0.1323284564633388
55 25 0.16764498271970546
55 26 0.21546944234512094
55 27 0.27019609430637676
55 28 0.3881025037179493
55 29 0.6526997277305496
55 30 0.7077339773581908
55 31 0.7654799427382725
55 32 0.7975206248136619
55 33 0.8634478174721487
55 34 0.9023803355217542
55 35 1.0056238417874181
55 36 1.0776108378318021
55 37 1.125937140391733
55 38 1.1541727799011503
55 39 1.238083262254727
55 40 1.3214543275672614
56 0 5.289180399718949e-09
56 1 1.101748645974893e-08
56 2 1.3636969004805684e-08
56 3 1.4182286450823341e-08
56 4 1.835900626962607e-08
56 5 3.036034713597344e-08
56 6 2.9259540334461426e-08
56 7 5.0736103727467935e-08
56 8 6.506655164562492e-05
56 9 2.6824424351020935e-05
56 10 4.607682019765644e-05
56 11 0.00018331344705557062
56 12 0.0003493472847585956
56 13 0.00078702253528281
56 14 0.0015520113282334953
56 15 0.00232655586954799
56 16 0.0054623234143856845
56 17 0.009295128756769612
56 18 0.019941798688721916
56 19 0.035518087771104004
56 20 0.05630900580089056
56 21 0.07664915126164178
56 22 0.09410626964994166
56 23 0.11630451476156022
56 24 0.1424498986659298
56 25 0.17233067875481817
56 26 0.2243478456757405
56 27 0.2801703227100993
56 28 0.4045901238127227
56 29 0.6482349558726945
56 30 0.7003793803877951
56 31 0.7673942954078954
56 32 0.8375838680273193
56 33 0.8898107399212404
56 34 0.9144190274675539
56 35 0.9875081630726638
56 36 1.077355567935731
56 37 1.1153466319678533
56 38 1.167073822339505
56 39 1.2782853404978016
56 40 1.3164954193539495
57 0 5.860538036310147e-09
57 1 1.2447259919934605e-08
57 2 1.5671764080104856e-08
57 3 1.7358959892921808e-08
57 4 2.6766815573656145e-08
57 5 2.3750364266009223e-08
57 6 3.0637394731636605e-08
57 7 2.1238341862612816e-05
57 8 3.117837941746395e-05
57 9 5.777694068479692e-05
57 10 0.00012349154019941478
57 11 0.0002662896094412856
57 12 0.0005322744469455325
57 13 0.001043226037078598
57 14 0.0018688294709097554
57 15 0.0038212559961079157
57 16 0.006949648287346091
57 17 0.012187716792358935
57 18 0.02307655161129324
57 19 0.04280550578739442
57 20 0.06151835865494006
57 21 0.08007955173514385
57 22 0.0951741990301793
57 23 0.12000377716516951
57 24 0.14589711057187946
57 25 0.17510904799518978
57 26 0.22103168897005906
57 27 0.29148749211930036
57 28 0.4506252147926237
57 29 0.6699745862585073
57 30 0.7070479839927087
57 31 0.771320516031883
57 32 0.8226261326371496
57 33 0.9037612744433127
57 34 0.9423645645730414
57 35 1.0381188605505394
57 36 1.0658967325201445
57 37 1.1365005079166843
57 38 1.2042097235822564
57 39 1.288308620414835
57 40 1.3163473028944568
58 0 6.374328945146339e-09
58 1 1.2786559039340553e-08
58 2 1.604716525304909e-08
58 3 1.926827962230214e-08
58 4 2.517466111120003e-08
58 5 1.150698657965419e-06
58 6 8.305465946604424e-07
58 7 4.847091645741077e-08
58 8 1.954340202754888e-05
58 9 8.306905072864379e-05
58 10 0.0001659491320785848
58 11 0.00027125333112184967
58 12 0.00046261044420993036
58 13 0.0012355374710820136
58 14 0.0026518356089420734
58 15 0.004286931282260911
58 16 0.008453546037497005
58 17 0.014731160607578616
58 18 0.02869854927675766
58 19 0.04581389879522175
58 20 0.06517601564980859
58 21 0.0824770340774794
58 22 0.0993565263254184
58 23 0.12405263285660802
58 24 0.1457631181528805
58 25 0.1803111145674429
58 26 0.2299272548332803
58 27 0.3037503705691332
58 28 0.5121048891658895
58 29 0.6653855982443196
58 30 0.707920941594834
58 31 0.7652657016740464
58 32 0.8326423889378757
58 33 0.8755891452624776
58 34 0.9339406178610073
58 35 1.0071494859705474
58 36 1.058089270986673
58 37 1.1425885762044539
58 38 1.1741091492505726
58 39 1.2451863885865169
58 40 1.2641673989857307
59 0 6.1242577491529036e-09
59 1 1.4704007521624984e-08
59 2 1.8292554282073688e-08
59 3 2.0656711959679936e-08
59 4 2.217953801394935e-08
59 5 3.097391943312246e-08
59 6 2.461808198046652e-05
59 7 2.5074207487749063e-05
59 8 6.506630998124628e-05
59 9 9.882452149999888e-05
59 10 0.00015831871959602194
59 11 0.00042028834933612817
59 12 0.0008021930048086364
59 13 0.001367448870359504
59 14 0.002643535319877361
59 15 0.00551395410894565
59 16 0.010817328908144975
59 17 0.01818927974871812
59 18 0.034538333066287855
59 19 0.05089422473689848
59 20 0.06714727736834106
59 21 0.08506241949039657
59 22 0.10083821320625735
59 23 0.11952164182044935
59 24 0.15224351403128664
59 25 0.1801731687765731
59 26 0.23400474344786318
59 27 0.31014420101396484
59 28 0.6151410468020246
59 29 0.6626129991058557
59 30 0.6942831963413576
59 31 0.7656099788119002
59 32 0.8257154863638467
59 33 0.8923345342883776
59 34 0.8923926019744662
59 35 1.013500716725941
59 36 1.0559069574125242
59 37 1.121543033682307
59 38 1.172665075470962
59 39 1.266501596887814
59 40 1.332647449542583
60 0 7.129038560882972e-09
60 1 1.5338419630476414e-08
60 2 1.9384032810519147e-08
60 3 2.1544862708561822e-08
60 4 6.53044038769346e-06
60 5 4.130484357054086e-08
60 6 7.65792515796379e-06
60 7 3.822296498601122e-05
60 8 0.00010280634420415344
60 9 5.6282432683451785e-05
60 10 0.0001508058585783959
60 11 0.0006062311750407912
60 12 0.0008787516170106745
60 13 0.002111237623638843
60 14 0.003078076671245614
60 15 0.006493406736148215
60 16 0.011568222526711927
60 17 0.022124554750010017
60 18 0.03873118187510834
60 19 0.05389640614532264
60 20 0.0695675993896361
60 21 0.08661464896984923
60 22 0.10579996172669089
60 23 0.12876550487853905
60 24 0.15590944173154017
60 25 0.18586916835438766
60 26 0.23427622072296236
60 27 0.30696045436100494
60 28 0.6025608000879925
60 29 0.6686890128466408
60 30 0.6869788768316611
60 31 0.7610924011202572
60 32 0.8381641919010996
60 33 0.8809073561515742
60 34 0.9392626464899227
60 35 0.9881834050659969
60 36 1.0728535716525864
60 37 1.1202055499381482
60 38 1.1900088311289287
60 39 1.2360064085802867
60 40 1.3142756753405171
61 0 8.036012308935416e-09
61 1 1.6538812670094517e-08
61 2 2.0579509768573985e-08
61 3 2.494124163439611e-08
61 4 2.4919021093122398e-08
61 5 1.2476512040511408e-05
61 6 2.0531490528131782e-06
61 7 1.7816385722670245e-05
61 8 7.415429054372244e-05
61 9 0.00017596724653611934
61 10 0.0003584279145425862
61 11 0.0005995051343665484
61 12 0.0010212523415199033
61 13 0.002159767559469889
61 14 0.0042772252846762695
61 15 0.007947712337685781
61 16 0.014997025967577127
61 17 0.02741638545610212
61 18 0.0422064574178823
61 19 0.05753958173547597
61 20 0.07534978183268363
61 21 0.08866121775599652
61 22 0.10985141728781846
61 23 0.13040529538099538
61 24 0.15802993675416088
61 25 0.1946165549493084
61 26 0.2473012960261362
61 27 0.3395137720947169
61 28 0.6025216697190413
61 29 0.6616265745519982
61 30 0.7009779065982086
61 31 0.7598681556854298
61 32 0.8365444302775148
61 33 0.8679423619204037
61 34 0.895281433831576
61 35 0.9710265949648977
61 36 1.0352106224874384
61 37 1.0883774610147512
61 38 1.1803678628607805
61 39 1.2838456643815122
61 40 1.3175195695516242
62 0 8.656021910026865e-09
62 1 1.8398913839227453e-08
62 2 3.08820416834898e-08
62 3 2.6942745337650696e-08
62 4 2.9718119780302285e-08
62 5 1.7243768143266348e-05
62 6 2.7568231816583854e-05
62 7 2.1827528260334642e-05
62 8 5.794062030062095e-05
62 9 0.00014376823439193385
62 10 0.000438787509747774
62 11 0.0007245710672319223
62 12 0.0015351947213247787
62 13 0.00328339820698112
62 14 0.005207741132312212
62 15 0.009675309636549122
62 16 0.018968685860888096
62 17 0.03205580749156491
62 18 0.046525596653849324
62 19 0.0616219829262129
62 20 0.07614324677089998
62 21 0.09346364883937311
62 22 0.11033174973774967
62 23 0.12916581740969066
62 24 0.15876653561153087
62 25 0.20235791974729078
62 26 0.2535393469210782
62 27 0.3693279375964146
62 28 0.5971634594100342
62 29 0.666856469040529
62 30 0.6981034655291538
62 31 0.7606386108845649
62 32 0.8082152989051389
62 33 0.8987923491190668
62 34 0.9468763323383053
62 35 1.0206226089597956
62 36 1.0635590566104485
62 37 1.1397041419067424
62 38 1.1807965428127905
62 39 1.2386463321372165
62 40 1.3226639711574741
63 0 8.658593187405096e-09
63 1 2.078732087814135e-08
63 2 2.3879918467320812e-08
63 3 2.81994135946019e-08
63 4 2.5114349536667245e-06
63 5 1.5221874941935198e-05
63 6 5.796328299818461e-08
63 7 7.251620243776614e-05
63 8 9.778965344974797e-05
63 9 0.00016561025495809672
63 10 0.0006044384364112387
63 11 0.0008869468439868747
63 12 0.001899818868154172
63 13 0.00349664086880109
63 14 0.006835899103275906
63 15 0.011902720213338184
63 16 0.02427526130066105
63 17 0.036288520547562715
63 18 0.0502727946177816
63 19 0.06468304804851081
63 20 0.07994490242912021
63 21 0.09467081667802797
63 22 0.1128153353076364
63 23 0.1358284918441298
63 24 0.16621965746871437
63 25 0.20959826119107774
63 26 0.2676656764083251
63 27 0.4118579830814092
63 28 0.5870899506853114
63 29 0.6651442838706376
63 30 0.6955532066021346
63 31 0.7696909506368558
63 32 0.8237631591311722
63 33 0.8965297396097228
63 34 0.9363212440456319
63 35 1.0021326062753921
63 36 1.063107714113221
63 37 1.1104811157576242
63 38 1.214768389203893
63 39 1.2493067920117158
63 40 1.3440825578829056
64 0 9.673511867604822e-09
64 1 2.2839268068875756e-08
64 2 2.7153335165106245e-08
64 3 2.861852728107035e-07
64 4 5.144043087660482e-06
64 5 1.729628783753952e-05
64 6 4.041103758558805e-05
64 7 6.923764152116598e-05
64 8 0.00011886723537333741
64 9 0.0002562685426841153
64 10 0.0005094741801936305
64 11 0.0012185202328731026
64 12 0.002453872164725931
64 13 0.004688844596401605
64 14 0.00782706074007124
64 15 0.014646337755389902
64 16 0.027583784748324614
64 17 0.0378301705639702
64 18 0.05138269237294122
64 19 0.06863459846293675
64 20 0.08322511238662447
64 21 0.09667021327664675
64 22 0.11683067790993439
64 23 0.14154965088910937
64 24 0.17047685125623535
64 25 0.21540351679203049
64 26 0.2732761473896646
64 27 0.5172426328863646
64 28 0.60194128033445
64 29 0.6583988556727932
64 30 0.7057477034241945
64 31 0.7734284921571947
64 32 0.8404206178646838
64 33 0.8657292715044039
64 34 0.9283794660314648
64 35 0.9726317602988156
64 36 1.0811075512752952
64 37 1.0901433888296903
64 38 1.1840610102968556
64 39 1.2728385564050306
64 40 1.340582433338398
65 0 1.0273340051885557e-08
65 1 2.3060758320989752e-08
65 2 3.458986521293403e-08
65 3 2.9355530757982634e-08
65 4 1.4089603944873286e-05
65 5 4.082189224851723e-05
65 6 4.327485912807015e-05
65 7 4.2800639775845186e-05
65 8 0.00019299939698325962
65 9 0.0005126269674232429
65 10 0.0007912442601578695
65 11 0.0015236228258740602
65 12 0.0027471591257669822
65 13 0.0058420058236703125
65 14 0.01081492538728272
65 15 0.021512293489681214
65 16 0.030076505886756165
65 17 0.04259492599490833
65 18 0.05709254327484472
65 19 0.0685606431924901
65 20 0.08236526859536347
65 21 0.10063650119661036
65 22 0.11787354655287217
65 23 0.14787239745238298
65 24 0.17789116828049778
65 25 0.21850757912324276
65 26 0.30306491204809927
65 27 0.5672004118398167
65 28 0.6005549482413506
65 29 0.6450434976831626
65 30 0.6959095986761016
65 31 0.7636769919842099
65 32 0.8100483266838739
65 33 0.8612933673020498
65 34 0.9582872872637636
65 35 1.0169432203032072
65 36 1.0560718579325739
65 37 1.0982918327371747
65 38 1.2127373271203932
65 39 1.2640999788358627
65 40 1.3163530299915558
66 0 1.500232775440916e-08
66 1 2.614938762930538e-08
66 2 3.8057856296060656e-08
66 3 4.935758812907996e-06
66 4 1.4794505293645175e-05
66 5 9.731414218944901e-06
66 6 4.1811558478455244e-05
66 7 0.00015232607313113664
66 8 0.0002445518735917811
66 9 0.0003856177580508892
66 10 0.0007575113711426729
66 11 0.0018699981096484387
66 12 0.003837424083530539
66 13 0.006719221613091948
66 14 0.0129001351784345
66 15 0.02436764567484483
66 16 0.0339705648094292
66 17 0.046922825333100104
66 18 0.05762443107017392
66 19 0.0730904447470848
66 20 0.08498839422548682
66 21 0.10579269261312643
66 22 0.12222018467335748
66 23 0.1496565233485504
66 24 0.18144685091885784
66 25 0.2342033483142887
66 26 0.32698074097675994
66 27 0.55660143469777
66 28 0.6065931036506562
66 29 0.6600716264018642
66 30 0.6843288376848231
66 31 0.7707685396643598
66 32 0.8124547744768451
66 33 0.8775731186751288
66 34 0.8992339587649736
66 35 1.006628176689677
66 36 1.07724992195959
66 37 1.14071093097053
66 38 1.1668161285076153
66 39 1.2350278266896373
66 40 1.3172130203169476
67 0 1.1853065007067366e-08
67 1 5.580644881454629e-06
67 2 1.0528718470434046e-05
67 3 1.1677424614637666e-05
67 4 1.4007741339864688e-05
67 5 1.1120714146150815e-05
67 6 5.858539440944392e-05
67 7 9.868123869561883e-05
67 8 0.00037883375046391884
67 9 0.0005554985818023126
67 10 0.0010772377561751047
67 11 0.0022157198629116307
67 12 0.004657792114548266
67 13 0.008990044638002908
67 14 0.016720104189098937
67 15 0.02759061992732577
67 16 0.03767513682826108
67 17 0.0477968626625584
67 18 0.0598463888279823
67 19 0.07453585834274559
67 20 0.08783815714588356
67 21 0.10589651716936019
67 22 0.1297453191362169
67 23 0.15561014925532254
67 24 0.1866532224180042
67 25 0.24235654159822298
67 26 0.3699537008225989
67 27 0.563267233587744
67 28 0.6143551662221555
67 29 0.6662819453111003
67 30 0.7030467536229602
67 31 0.7702568182819147
67 32 0.8112473488793355
67 33 0.8601589511061042
67 34 0.9564867540276031
67 35 0.9620341807085527
67 36 1.0812336293395568
67 37 1.1500649392091384
67 38 1.171065861826659
67 39 1.230739626321016
67 40 1.2968925508398323
68 0 1.2172303395662727e-08
68 1 2.764189970326708e-08
68 2 7.0491072336044565e-06
68 3 2.2158818143430985e-07
68 4 5.149221248544188e-06
68 5 5.634959719293635e-05
68 6 6.947083812084506e-05
68 7 0.0001861763327508049
68 8 0.00034001616779076545
68 9 0.0007020420034258145
68 10 0.0011684342125631558
68 11 0.0026825235749290944
68 12 0.00536429563785204
68 13 0.01063454062601743
68 14 0.018481926564534585
68 15 0.02889143063626101
68 16 0.03966617297284247
68 17 0.050440723644213335
68 18 0.06268746070649167
68 19 0.07516943853878477
68 20 0.09262641060163414
68 21 0.11323845047452341
68 22 0.13172202253120802
68 23 0.14860543145824512
68 24 0.18966221717535167
68 25 0.2547503934296608
68 26 0.42495002338896704
68 27 0.5521465003860416
68 28 0.6059597795769943
68 29 0.6503233070630614
68 30 0.7098526283642048
68 31 0.7780373633911258
68 32 0.8189578189773316
68 33 0.8749797009341135
68 34 0.9639687778457191
68 35 0.9490154139655591
68 36 1.0708588584822394
68 37 1.1532898602999384
68 38 1.2085891488268767
68 39 1.2883882603775139
68 40 1.3330823290563034
69 0 1.3604149071157608e-08
69 1 3.417761477251324e-07
69 2 4.341310214222176e-06
69 3 1.3265007093469081e-06
69 4 5.4540780675225035e-06
69 5 1.8263431505355476e-05
69 6 6.678899205574053e-05
69 7 0.00022829367704198938
69 8 0.0004066184835660358
69 9 0.0009490444407926809
69 10 0.0015167607242015492
69 11 0.00315468923244138
69 12 0.006722449296807827
69 13 0.012843838780945789
69 14 0.021258954394108066
69 15 0.030386267830077737
69 16 0.04268812892190224
69 17 0.05125100643676862
69 18 0.06199847973972148
69 19 0.07744437609217104
69 20 0.09191609121085265
69 21 0.11313337216799325
69 22 0.12976743213921285
69 23 0.1670310956502711
69 24 0.20338891950250704
69 25 0.2727833769876359
69 26 0.5243204567569758
69 27 0.5581363575108418
69 28 0.6137992256620826
69 29 0.6569062491323177
69 30 0.6927098031217808
69 31 0.7999946822892645
69 32 0.8578342252631519
69 33 0.8780636664506303
69 34 0.9632531048289013
69 35 1.0064078240733618
69 36 1.054204529393758
69 37 1.145995581217564
69 38 1.2194935787890393
69 39 1.2354810855165328
69 40 1.350702088792028
70 0 1.3912596635545002e-08
70 1 2.9691706550401444e-08
70 2 8.253700723709402e-07
70 3 1.9561567136031268e-05
70 4 2.6554771113769548e-05
70 5 3.834880036258723e-05
70 6 8.767938885255855e-05
70 7 0.00022890604813137906
70 8 0.0004376267527374715
70 9 0.0009917949769147252
70 10 0.0019155405996554911
70 11 0.004254864877729245
70 12 0.007565443679129703
70 13 0.014503044409498752
70 14 0.02335513401473741
70 15 0.03225785554479215
70 16 0.04273038553453217
70 17 0.053046341028767145
70 18 0.06598324348951484
70 19 0.08117782356234625
70 20 0.09610972645248676
70 21 0.11261635302124953
70 22 0.13522697545704201
70 23 0.1683147884955743
70 24 0.20566143800710837
70 25 0.3090541404342851
70 26 0.529280129424104
70 27 0.563794832396616
70 28 0.6041519524103631
70 29 0.6740764477525694
70 30 0.7060931722054402
70 31 0.7925465644869
70 32 0.790927252389781
70 33 0.8632343076937649
70 34 0.9521114947501006
70 35 1.0007272944224737
70 36 1.0631875368735342
70 37 1.1144935511214007
70 38 1.1621262781757904
70 39 1.2500192987253258
70 40 1.2854253420440815
71 0 2.5723486770813138e-08
71 1 1.995813224044835e-06
71 2 1.1133261104656146e-05
71 3 1.9222969781949582e-05
71 4 3.677509095689428e-05
71 5 5.126236797974352e-05
71 6 0.00013109395347539045
71 7 0.0002757856927398066
71 8 0.0005411761189022078
71 9 0.0012285458796679758
71 10 0.0022803812824479914
71 11 0.004247747381256189
71 12 0.008599167787506929
71 13 0.016461369936285143
71 14 0.024543221554688844
71 15 0.03353910236940403
71 16 0.04379161423769972
71 17 0.0565868531893985
71 18 0.06840946075675826
71 19 0.08030516163763601
71 20 0.09703563560450339
71 21 0.11998174612813074
71 22 0.1420940215577304
71 23 0.17462276042046138
71 24 0.226661955866239
71 25 0.3403677921082406
71 26 0.514877457538378
71 27 0.5735636188784261
71 28 0.5817444026973565
71 29 0.6620931293421393
71 30 0.7050596354681833
71 31 0.7580930542251062
71 32 0.8276492950976911
71 33 0.8425271981448427
71 34 0.9488184283996758
71 35 1.0214020109367323
71 36 1.0638963335038596
71 37 1.1107501986598276
71 38 1.177736393055953
71 39 1.2585467944112982
71 40 1.2918551134674705
72 0 1.4142273201117676e-08
72 1 9.234561167779119e-06
72 2 6.333988412869024e-06
72 3 1.0373672356004538e-05
72 4 2.3527970340432008e-05
72 5 8.709871537025491e-05
72 6 0.00014217835777695758
72 7 0.00038075727240676274
72 8 0.0008019735246924102
72 9 0.0013919867265919155
72 10 0.002492204388581485
72 11 0.004972890902078169
72 12 0.009919420859864183
72 13 0.016763546690178925
72 14 0.026608777776418048
72 15 0.03621067191518967
72 16 0.045777022963404065
72 17 0.058289641784557124
72 18 0.06935224757132945
72 19 0.08316318296034308
72 20 0.09757410944933209
72 21 0.11837925230861181
72 22 0.14408452684105333
72 23 0.1829915587991712
72 24 0.2414891124646574
72 25 0.40559986819847493
72 26 0.5130811372396638
72 27 0.5556908125881728
72 28 0.612677951229308
72 29 0.6572057674582282
72 30 0.7093504453485935
72 31 0.7683532083335497
72 32 0.8019244620596819
72 33 0.8594303246274323
72 34 0.9418815600959313
72 35 0.985553613814212
72 36 1.1030911926419524
72 37 1.1072838637108453
72 38 1.2021113377341164
72 39 1.2542310895625486
72 40 1.305125750125436
73 0 8.819442906802317e-07
73 1 3.686882123233489e-08
73 2 7.489876158187809e-06
73 3 1.2154467980875603e-05
73 4 2.8747182222101802e-05
73 5 7.49265732364532e-05
73 6 0.0001796563712351562
73 7 0.0003504071064583077
73 8 0.000784392366080979
73 9 0.0014861622706330156
73 10 0.002916310431749791
73 11 0.006185163603552695
73 12 0.011478781642066052
73 13 0.018419567476679326
73 14 0.026890435396932037
73 15 0.038087892342588386
73 16 0.049168956491113976
73 17 0.0598194038462051
73 18 0.07231801408432546
73 19 0.08421927525782412
73 20 0.10019872075889566
73 21 0.1242090710527722
73 22 0.15143111160159842
73 23 0.18356926780970345
73 24 0.2685808333326121
73 25 0.483224285330084
73 26 0.5213585949266166
73 27 0.5651798403087006
73 28 0.6252093848984764
73 29 0.6619806705840818
73 30 0.70308278588337
73 31 0.7738440026148615
73 32 0.8230997084602192
73 33 0.9188360480011812
73 34 0.9312022933481355
73 35 1.003237327510884
73 36 1.0326719266770048
73 37 1.128741078152063
73 38 1.1547812575114962
73 39 1.2339334543241207
73 40 1.3298675466641712
74 0 1.0049839368445643e-06
74 1 8.275205999142462e-06
74 2 2.0239175207800216e-07
74 3 4.415135403811131e-05
74 4 8.815376983475202e-05
74 5 9.031691386275834e-05
74 6 0.00024369739856689682
74 7 0.00041509564633833234
74 8 0.0007593425287910985
74 9 0.001750838950783865
74 10 0.0037795440316764186
74 11 0.007344406021419199
74 12 0.012324993679823343
74 13 0.019874791921645856
74 14 0.02754145027793856
74 15 0.03954297033763478
74 16 0.05044342459789651
74 17 0.06022639940504707
74 18 0.0729402931880953
74 19 0.08854109515856257
74 20 0.10456291159043724
74 21 0.1271906889312483
74 22 0.1518341492277392
74 23 0.19876266424969258
74 24 0.290969187000436
74 25 0.4767083685254993
74 26 0.5122828569934712
74 27 0.5645591979775085
74 28 0.6073107958047654
74 29 0.6575935707491104
74 30 0.7332576407450945
74 31 0.7774901420966625
74 32 0.8143048017036026
74 33 0.8876421901921145
74 34 0.9188734403058614
74 35 0.9716289067039432
74 36 1.0713656120997237
74 37 1.1544890527541598
74 38 1.2023402955578502
74 39 1.2773905704117636
74 40 1.3028563128505244
