14 0 2.665361265490264e-07
14 1 6.176864053427609e-06
14 2 1.7188996825912398e-05
14 3 5.114497775043004e-05
14 4 7.144988927015709e-05
14 5 0.00013767607777684455
14 6 0.00033278411370637475
14 7 0.000600362880510702
14 8 0.0013516992649899378
14 9 0.002612872125821644
14 10 0.005037480820708996
14 11 0.009619366138336895
14 12 0.015001681983715995
14 13 0.019868647415930883
14 14 0.025733747894202345
14 15 0.033193120084524505
14 16 0.04197316169670231
14 17 0.05215735065569073
14 18 0.06430757861488479
14 19 0.08230562075707415
14 20 0.10062590402847615
14 21 0.12248806268671114
14 22 0.15323218013887135
14 23 0.18920605290593048
14 24 0.2529222080834619
14 25 0.4672925707502218
14 26 0.510672555471124
14 27 0.5703867746245461
14 28 0.6129555831468909
14 29 0.6548582931622977
14 30 0.7022697834280456
14 31 0.7554988680214674
14 32 0.8268881589848471
14 33 0.8797536011969225
14 34 0.9563141145925893
14 35 0.9946115280566435
14 36 1.0750735690939692
14 37 1.1348092258146343
14 38 1.2008098083627174
14 39 1.2484759190664567
14 40 1.280246455959845
15 0 4.333935625212798e-09
15 1 2.081180490374853e-05
15 2 1.1999225332213891e-05
15 3 1.0047646658023614e-05
15 4 4.8263966859605936e-05
15 5 9.263983035321222e-05
15 6 0.000291644782773517
15 7 0.0005110748107824404
15 8 0.0011361688050807327
15 9 0.0023375168769972764
15 10 0.004411032628638623
15 11 0.00883957550202147
15 12 0.01398923058033959
15 13 0.018949833078662614
15 14 0.024849261067604596
15 15 0.03272955878619254
15 16 0.04207484172349516
15 17 0.05152624339654111
15 18 0.06459723884328872
15 19 0.08139366318779516
15 20 0.10187786146355882
15 21 0.11858805533577102
15 22 0.15028552774483148
15 23 0.18149080076023455
15 24 0.2388012104962183
15 25 0.4644385419884778
15 26 0.5066476522470449
15 27 0.5587650659571757
15 28 0.6169392551294002
15 29 0.6670378184505245
15 30 0.7346705684360776
15 31 0.7476374746336427
15 32 0.8028392800637457
15 33 0.8904371911872134
15 34 0.9192873329793336
15 35 0.9787861447195095
15 36 1.0678868437570623
15 37 1.1228886448698348
15 38 1.2016377105555753
15 39 1.275504672396305
15 40 1.320119077930892
16 0 2.2474612813179846e-08
16 1 1.6986335245645904e-07
16 2 3.799663044117707e-06
16 3 1.4174119419895486e-05
16 4 3.6079128659101525e-05
16 5 0.00013474005237703232
16 6 0.0003076358241438472
16 7 0.00048548227362398515
16 8 0.0009505415275408033
16 9 0.0020290250276384166
16 10 0.004013889940406967
16 11 0.007933276899744424
16 12 0.013018017812005619
16 13 0.018453957494310787
16 14 0.024826796120828405
16 15 0.03143233737842488
16 16 0.04076217272447073
16 17 0.05071703829854735
16 18 0.061671978784076126
16 19 0.07827970084284766
16 20 0.09970873675184638
16 21 0.12025939260040819
16 22 0.14663916730236534
16 23 0.1835916589321243
16 24 0.22976309106615872
16 25 0.46923817539467483
16 26 0.49082523680509177
16 27 0.560811906103481
16 28 0.6321283073857892
16 29 0.6650663570679366
16 30 0.7202837058634366
16 31 0.7488841762411468
16 32 0.8126346333733845
16 33 0.8808807688488741
16 34 0.9352747616880006
16 35 0.9883608232597313
16 36 1.050004426715682
16 37 1.130250817386212
16 38 1.1743611383600328
16 39 1.2593735149142056
16 40 1.2951649073357443
17 0 2.7435230515476076e-06
17 1 2.755743438105784e-06
17 2 3.542966257753881e-06
17 3 1.6979315798012633e-05
17 4 6.882869328175987e-05
17 5 0.00012073693986885451
17 6 0.00021986596708769692
17 7 0.0003830921647887676
17 8 0.0008255446772088233
17 9 0.0019072546695967744
17 10 0.0036451630257304606
17 11 0.007040876386960008
17 12 0.012538248399138165
17 13 0.017426702661505703
17 14 0.02419683018011498
17 15 0.031118679170783883
17 16 0.03926634884939805
17 17 0.04946824627933398
17 18 0.06166158592023235
17 19 0.07711550195229094
17 20 0.09886180940469448
17 21 0.1156656748456428
17 22 0.14150335208929105
17 23 0.17393710734566367
17 24 0.2262904376495303
17 25 0.38427026612480747
17 26 0.5293189126259813
17 27 0.5650449330056739
17 28 0.6090017858731298
17 29 0.6504894463522752
17 30 0.7251904424347978
17 31 0.7718183143662234
17 32 0.8214997338313308
17 33 0.8780989875725232
17 34 0.9333686196146563
17 35 0.9844834958116316
17 36 1.0982413420749952
17 37 1.1136242609624325
17 38 1.1952673934785583
17 39 1.2732701629230985
17 40 1.3253242757440662
18 0 1.1649729401502946e-09
18 1 1.5148036919117774e-06
18 2 4.502149768433298e-06
18 3 2.193259054968553e-05
18 4 2.378245328857169e-05
18 5 7.094603865517306e-05
18 6 0.00015062209193097035
18 7 0.0003576309965584856
18 8 0.0007119081765266618
18 9 0.0015827622390519568
18 10 0.002785274995704615
18 11 0.005858689255690084
18 12 0.011421204333337065
18 13 0.016486484693402578
18 14 0.022834763967094055
18 15 0.03063324308331969
18 16 0.03815169197079616
18 17 0.04885944952742834
18 18 0.06143970494756674
18 19 0.07362107837562135
18 20 0.09429408989797623
18 21 0.11297045152754613
18 22 0.14350490306787295
18 23 0.16648376536754667
18 24 0.2178859898808788
18 25 0.3353353058348619
18 26 0.50509686710428
18 27 0.5614185358299474
18 28 0.5999968515402188
18 29 0.654769888658091
18 30 0.7107071788710365
18 31 0.7625958496127251
18 32 0.793432591073757
18 33 0.8726134886652044
18 34 0.9289423190647849
18 35 0.9969836903595773
18 36 1.0696902948619582
18 37 1.1153540176914456
18 38 1.1926307213753033
18 39 1.2581082473065752
18 40 1.2704611514767363
19 0 7.842566418042925e-09
19 1 7.582678520432401e-06
19 2 6.155770439569917e-06
19 3 7.312547196704819e-06
19 4 4.957951272276759e-05
19 5 7.432890627322649e-05
19 6 0.00019076324937246833
19 7 0.000305093536294835
19 8 0.0005514205205139891
19 9 0.001261811146511998
19 10 0.0024884860765359003
19 11 0.004733000607863735
19 12 0.009756214037002518
19 13 0.015494866264717782
19 14 0.02213474980713174
19 15 0.029129579864590385
19 16 0.037027125893030886
19 17 0.04723471198560849
19 18 0.0599801445913123
19 19 0.07474486509389555
19 20 0.09268616804397556
19 21 0.11127662378410771
19 22 0.13748795109225379
19 23 0.16766320316004266
19 24 0.2121017631924713
19 25 0.3032943686037627
19 26 0.5034908829053274
19 27 0.5541334172534249
19 28 0.5820494378998108
19 29 0.6487982741550311
19 30 0.7068651645959102
19 31 0.783421560617928
19 32 0.7919163438282695
19 33 0.8890964921895455
19 34 0.9421173628816043
19 35 1.0048413737252389
19 36 1.0762790064564622
19 37 1.1082836175586188
19 38 1.1940915556439424
19 39 1.2465354158074338
19 40 1.2841895845185107
20 0 1.5540018084530534e-09
20 1 6.4922698074476145e-06
20 2 3.0676952547766058e-06
20 3 1.0335573716072615e-05
20 4 7.04532265715187e-05
20 5 6.926108895843781e-05
20 6 0.00012496993227799406
20 7 0.0002851720805963774
20 8 0.0005500689875538397
20 9 0.001026657588055512
20 10 0.0019983295468735166
20 11 0.0040081399767376135
20 12 0.008000173586132546
20 13 0.014602577115370713
20 14 0.021033777789179964
20 15 0.027142472347240328
20 16 0.03603570287563008
20 17 0.046482686675550104
20 18 0.058694220390596435
20 19 0.0722886982541622
20 20 0.08987592962079079
20 21 0.11040118528466773
20 22 0.137076607008372
20 23 0.16470974213241021
20 24 0.2042773115455332
20 25 0.2909705395361524
20 26 0.5213220851405101
20 27 0.5668845639271499
20 28 0.6125027222770528
20 29 0.6515051164189408
20 30 0.7120734917737418
20 31 0.7731270613712974
20 32 0.8073892916662049
20 33 0.8720018758493845
20 34 0.9531328870855535
20 35 0.9900562741784305
20 36 1.058106271360417
20 37 1.1312663372339662
20 38 1.181761598640461
20 39 1.2132169829220554
20 40 1.3265015306012264
21 0 3.258401325968845e-09
21 1 6.5286792500442074e-09
21 2 7.1377748988624785e-06
21 3 1.890810095264874e-05
21 4 1.8453539085857505e-05
21 5 6.240783824345109e-05
21 6 0.000102450334741504
21 7 0.0001883428916185248
21 8 0.0005186235150917957
21 9 0.000930796667647531
21 10 0.0020391702997688177
21 11 0.0033946923216407773
21 12 0.006567006557916648
21 13 0.012720516686681685
21 14 0.019257087847713423
21 15 0.027123384521383298
21 16 0.035002365093642594
21 17 0.04574221691390909
21 18 0.055280515911965644
21 19 0.07231134913809302
21 20 0.0890634388575002
21 21 0.10649151493888455
21 22 0.13397653269933932
21 23 0.16083048616045117
21 24 0.20344138484725607
21 25 0.27347258537381
21 26 0.5072441736044163
21 27 0.5506280660633454
21 28 0.5974003612311318
21 29 0.637316891091324
21 30 0.7128677937002029
21 31 0.7513357387485458
21 32 0.8099421046206963
21 33 0.865819093609698
21 34 0.9482255921372822
21 35 0.9915415563710378
21 36 1.0736407878119107
21 37 1.1200849271273259
21 38 1.1851185075186772
21 39 1.2625147301727573
21 40 1.3533187282843127
22 0 7.971835391235516e-10
22 1 3.0208596147304056e-09
22 2 1.3331134660521366e-08
22 3 1.7832358828485853e-08
22 4 8.538602072790524e-06
22 5 4.548947395275524e-05
22 6 9.542358401002804e-05
22 7 0.00013442367485243218
22 8 0.0003956679800721228
22 9 0.0007546930866806556
22 10 0.0014385389116726276
22 11 0.0026356212078330033
22 12 0.00529558667178769
22 13 0.010608496682741978
22 14 0.017632178167390784
22 15 0.0255679309419039
22 16 0.03330936731848864
22 17 0.045111180451014844
22 18 0.05607461087383945
22 19 0.07080219817350375
22 20 0.08628026426869743
22 21 0.10323892271361121
22 22 0.12944934905489844
22 23 0.16126408787986102
22 24 0.1957261242627169
22 25 0.253007659225904
22 26 0.4858607418065587
22 27 0.569619980525326
22 28 0.6050205938961375
22 29 0.6381394726392303
22 30 0.7049452127603774
22 31 0.7645101105526945
22 32 0.8424826921409769
22 33 0.8742097997648318
22 34 0.9437456091529286
22 35 1.0142543256856857
22 36 1.0252503363083003
22 37 1.1413664577492244
22 38 1.2127407638150183
22 39 1.2565814378092046
22 40 1.3210558482702028
23 0 5.287840389598282e-06
23 1 1.9770542857503106e-09
23 2 6.1686050723718e-09
23 3 4.972390126405141e-06
23 4 3.438341926220693e-05
23 5 1.8773068259609012e-05
23 6 8.371247118289797e-05
23 7 0.00017954706235757048
23 8 0.00039656629866792
23 9 0.0005522971816299254
23 10 0.0011550748296114148
23 11 0.0023154509004430788
23 12 0.00450584861800786
23 13 0.008876745579445424
23 14 0.01605888799915719
23 15 0.02361289888838554
23 16 0.03346393691484423
23 17 0.041971659194184996
23 18 0.0544567371474983
23 19 0.06926228740298716
23 20 0.08641316120158658
23 21 0.10231782705595219
23 22 0.12709781682190177
23 23 0.16054250369235765
23 24 0.19209592355189078
23 25 0.2534558101189537
23 26 0.4202741701047319
23 27 0.5490196193592065
23 28 0.6134183632857093
23 29 0.6541187271944516
23 30 0.7067645011627547
23 31 0.756737198074922
23 32 0.8461479198819563
23 33 0.8975854622326971
23 34 0.9226495024746945
23 35 0.9932902603422593
23 36 1.0460867963204272
23 37 1.083338442748291
23 38 1.1891875560331158
23 39 1.2618303458132791
23 40 1.3314499837574911
24 0 8.658104084731496e-10
24 1 2.6000188483821174e-09
24 2 4.2493607869229874e-06
24 3 2.0395607204693593e-06
24 4 3.153332662204099e-06
24 5 2.7750283793040375e-05
24 6 4.216275572918856e-05
24 7 0.0001561895732485461
24 8 0.00025330761047961297
24 9 0.00041198768906330435
24 10 0.0007579113904404642
24 11 0.0018349814387348857
24 12 0.0038107223633814754
24 13 0.006656624776825092
24 14 0.013027041577871545
24 15 0.021464417778966433
24 16 0.030978279851657818
24 17 0.04173675904239283
24 18 0.05321278732069791
24 19 0.0694750943006292
24 20 0.08294802599678544
24 21 0.1048672085621095
24 22 0.1244889052337417
24 23 0.1525834393130213
24 24 0.18685486330087195
24 25 0.24525149572438631
24 26 0.3792929767214284
24 27 0.5616825288746568
24 28 0.6004631700008904
24 29 0.666549647320454
24 30 0.7162742931272641
24 31 0.7387663953134401
24 32 0.8466010156350665
24 33 0.9200370146226551
24 34 0.9416245783025617
24 35 0.9931215087911319
24 36 1.0541312975644208
24 37 1.086868111250644
24 38 1.2049834249301525
24 39 1.2322576805966143
24 40 1.3126845909344296
25 0 9.756900013517692e-10
25 1 4.752044229007237e-09
25 2 5.964634566671297e-09
25 3 1.029548572008435e-08
25 4 1.5029840962409217e-05
25 5 1.7643868643831727e-05
25 6 5.057810926430841e-05
25 7 7.425842186324149e-05
25 8 0.0001107436982512634
25 9 0.00033088780002264
25 10 0.0006572097743840239
25 11 0.001614433669357906
25 12 0.003086635776738785
25 13 0.005390205556322555
25 14 0.009873696104268014
25 15 0.019649337019222772
25 16 0.029066171805865498
25 17 0.038755407007376126
25 18 0.050109045592424586
25 19 0.06576617052851541
25 20 0.08147989565664157
25 21 0.10228587071956714
25 22 0.12439110043075947
25 23 0.1461436984846692
25 24 0.1823898725008123
25 25 0.23600664000746266
25 26 0.34958360133408223
25 27 0.548733415233383
25 28 0.599214991635828
25 29 0.6526033686689592
25 30 0.7089286176152203
25 31 0.7770094008912595
25 32 0.8479528232968063
25 33 0.8651805521192305
25 34 0.9400119861630059
25 35 1.0051406029165615
25 36 1.0317544771930358
25 37 1.102527255572215
25 38 1.200464876532931
25 39 1.2640609750524066
25 40 1.2737791972741284
26 0 8.206816552285076e-10
26 1 2.1817612032633335e-09
26 2 8.808717229084442e-09
26 3 4.503173309853921e-06
26 4 4.913222884542117e-06
26 5 1.1754553875002315e-05
26 6 3.123040747527329e-05
26 7 3.0611831426539726e-05
26 8 8.335884921707139e-05
26 9 0.00021870607012166828
26 10 0.0005469715039434111
26 11 0.0012321551473953704
26 12 0.0024050020884934936
26 13 0.004434602586015983
26 14 0.008202249011381989
26 15 0.015854191502481876
26 16 0.026814071974757884
26 17 0.038686885320934616
26 18 0.049334983259536315
26 19 0.06383582350349287
26 20 0.08004625912786882
26 21 0.09765923949187633
26 22 0.118886746311068
26 23 0.1482748861822595
26 24 0.18141988666552053
26 25 0.2321769506432438
26 26 0.3261634661856366
26 27 0.5534884651712321
26 28 0.6349207159133738
26 29 0.6429575836880824
26 30 0.7243536836400869
26 31 0.7449183328990105
26 32 0.8167185747569375
26 33 0.8661236206525113
26 34 0.9376234677447114
26 35 0.9993765235387313
26 36 1.0787764800902744
26 37 1.1439269204501255
26 38 1.1947737875848257
26 39 1.2694416589145825
26 40 1.3098406924169201
27 0 5.19918332753301e-10
27 1 1.429160146314809e-09
27 2 2.2399868317737296e-09
27 3 6.396309342288301e-06
27 4 1.0373443461872427e-05
27 5 1.754976964285821e-05
27 6 1.5903787248748412e-05
27 7 4.7825656159954554e-05
27 8 8.760518029550225e-05
27 9 0.0001859441842521282
27 10 0.0005612823602618429
27 11 0.0010980637759705376
27 12 0.0015857489465343473
27 13 0.003324682477183721
27 14 0.006805025613575028
27 15 0.012934791572857884
27 16 0.02304458942570196
27 17 0.03585536322770084
27 18 0.048603822937564316
27 19 0.06258370560406015
27 20 0.07829203956917886
27 21 0.09575422106449501
27 22 0.11779062272926699
27 23 0.1427187577688018
27 24 0.1781982666005315
27 25 0.22906082622297555
27 26 0.31770356654108844
27 27 0.5651932140619247
27 28 0.5861742151462109
27 29 0.6706220399544484
27 30 0.7101280790963951
27 31 0.7818193817269281
27 32 0.8265855173859614
27 33 0.8709176926379266
27 34 0.9391313830392912
27 35 0.9953223798068993
27 36 1.0641288743135653
27 37 1.1110148827617041
27 38 1.1806562530509077
27 39 1.301204931480301
27 40 1.2944918694883771
28 0 6.913585474262597e-10
28 1 1.9987108254841284e-09
28 2 3.5557517793727294e-09
28 3 4.093145346017764e-09
28 4 1.711971383941215e-08
28 5 4.231161338634388e-06
28 6 8.169136064534039e-06
28 7 2.3881622381755597e-05
28 8 0.0001471750195932641
28 9 0.00015363915401744649
28 10 0.00047296351342867134
28 11 0.0007150889232376125
28 12 0.0013882883611310453
28 13 0.002591353952200229
28 14 0.005273166850681474
28 15 0.009850987215623875
28 16 0.019953265806694598
28 17 0.033222513816019955
28 18 0.044655609496682375
28 19 0.0615839901547628
28 20 0.07491448594165301
28 21 0.09339327876068351
28 22 0.11682088916542925
28 23 0.14008751394249686
28 24 0.17651748765928665
28 25 0.2187268049723421
28 26 0.302190282796864
28 27 0.5457078847104854
28 28 0.5993971503157312
28 29 0.6607021569944957
28 30 0.6967982522078815
28 31 0.7833634005452462
28 32 0.8072816741199266
28 33 0.8860926019923414
28 34 0.928171705118343
28 35 1.010133543805773
28 36 1.0441595444404403
28 37 1.118946631119765
28 38 1.1881080267770296
28 39 1.282652631451488
28 40 1.3646395575845707
29 0 7.005935197044177e-10
29 1 1.3103123386628446e-09
29 2 2.156862871902627e-09
29 3 9.245701993688807e-09
29 4 1.2699346064742008e-08
29 5 1.7134864645307439e-06
29 6 5.935611407624768e-08
29 7 4.407571901505184e-05
29 8 6.107282677321844e-05
29 9 0.00019163213667328658
29 10 0.000260061303692832
29 11 0.0005464281849514045
29 12 0.0012331257043354036
29 13 0.002251894186978694
29 14 0.003943309887800685
29 15 0.007919742650056369
29 16 0.014704215236597238
29 17 0.027874446404194588
29 18 0.04272995485095198
29 19 0.05769046181592766
29 20 0.07273030585148679
29 21 0.09181833884418938
29 22 0.11394930751447466
29 23 0.1418515642029102
29 24 0.16486953558184114
29 25 0.21283156298056038
29 26 0.2822530969274627
29 27 0.4914038262020531
29 28 0.5868215796142113
29 29 0.6702632947290448
29 30 0.7235709979417106
29 31 0.7513551501648867
29 32 0.8468651226730666
29 33 0.9037857712376017
29 34 0.9488248351147027
29 35 1.0007304756236288
29 36 1.0713759900236612
29 37 1.112009417051474
29 38 1.1531010315761636
29 39 1.2509367553982162
29 40 1.3122531845361425
30 0 5.519866435540349e-10
30 1 1.6618199485124074e-09
30 2 1.884881022468592e-09
30 3 6.194644811738957e-09
30 4 3.101878611652904e-07
30 5 1.5383860524100666e-08
30 6 1.3962993749921136e-05
30 7 3.799525004362948e-05
30 8 4.58752162752699e-05
30 9 7.676624521855651e-05
30 10 0.00016951141044434625
30 11 0.0004330814012440742
30 12 0.0007979792824723204
30 13 0.0015961472726047422
30 14 0.003501657053758616
30 15 0.006007466036964496
30 16 0.011647192991839883
30 17 0.02277279733812167
30 18 0.0385129233174771
30 19 0.053544994772887614
30 20 0.07096640378283231
30 21 0.08892464791074292
30 22 0.11224719801504976
30 23 0.13300778785984999
30 24 0.16617517024997988
30 25 0.20953322232832533
30 26 0.27658377320465094
30 27 0.4178795162611491
30 28 0.6142299481229011
30 29 0.652689164430405
30 30 0.705128342884818
30 31 0.7626662162006315
30 32 0.8066415971220116
30 33 0.8953403709553142
30 34 0.9413856056482945
30 35 0.977403500113138
30 36 1.0542680528542085
30 37 1.1600041407449022
30 38 1.206929605775116
30 39 1.2685031666736832
30 40 1.2869458508041869
31 0 4.318957560164249e-10
31 1 1.4930975538968448e-09
31 2 2.4700191940547228e-09
31 3 4.070251207028844e-09
31 4 7.844448155302708e-09
31 5 1.933719224571904e-08
31 6 2.7873243447563437e-08
31 7 1.4540328549953373e-05
31 8 1.9877326618397624e-05
31 9 3.2678567521371045e-05
31 10 0.0001000020933621012
31 11 0.0002867376071490986
31 12 0.0006260229611448213
31 13 0.0012688252174726418
31 14 0.002346674421271688
31 15 0.005077773558435151
31 16 0.009176378724488132
31 17 0.018115568060237525
31 18 0.03306812676452876
31 19 0.050600129898373494
31 20 0.06676102449696246
31 21 0.08591569775821484
31 22 0.10877239007899152
31 23 0.1291995649048156
31 24 0.16560994728737807
31 25 0.20510967915453893
31 26 0.27129777904052416
31 27 0.3929537894479895
31 28 0.5978750793958295
31 29 0.6598720786675227
31 30 0.7119758117447351
31 31 0.7835726392491517
31 32 0.8327496370654731
31 33 0.8907259476082043
31 34 0.932422913922685
31 35 1.0027423720905733
31 36 1.0558894758501993
31 37 1.1414293215256541
31 38 1.2041083286871406
31 39 1.2934166581603237
31 40 1.3123335626074029
32 0 3.6904606063389695e-10
32 1 9.55875878931979e-10
32 2 1.3637175346549184e-09
32 3 5.181808691919703e-09
32 4 5.746456336624087e-09
32 5 1.8218269769662104e-08
32 6 7.767593512151564e-06
32 7 1.7591736493825932e-05
32 8 1.123624250400046e-05
32 9 3.400273020112774e-05
32 10 0.00016193420979639998
32 11 0.0003215887195660679
32 12 0.000420939481308475
32 13 0.0007570476138794793
32 14 0.002108888573107123
32 15 0.00441571452080192
32 16 0.007078897204755198
32 17 0.014473302542827287
32 18 0.02635839110297036
32 19 0.04411716619042654
32 20 0.06329666210147553
32 21 0.08257304283023921
32 22 0.104393134428226
32 23 0.13035293996061323
32 24 0.15713167464232788
32 25 0.1987689870814381
32 26 0.2640949944990398
32 27 0.35889891714287114
32 28 0.5985211024278153
32 29 0.6736063520580015
32 30 0.7069482570683177
32 31 0.7632637055342119
32 32 0.8238645444165146
32 33 0.8862205525048182
32 34 0.9369562611290075
32 35 0.9983535810811512
32 36 1.0577134814890368
32 37 1.112626598964773
32 38 1.169303454111869
32 39 1.258190436959616
32 40 1.3063888825798298
33 0 4.2655669675401905e-10
33 1 1.1207281556121522e-09
33 2 1.3364445782826501e-09
33 3 3.1553563579824193e-09
33 4 5.409843578703144e-09
33 5 1.2117007538270586e-08
33 6 2.4954751487513327e-08
33 7 5.290092543608519e-08
33 8 4.3477090579935903e-05
33 9 1.940957873401287e-05
33 10 4.750044886323247e-05
33 11 0.00011221995720797521
33 12 0.00046310029691010114
33 13 0.0007230529995936631
33 14 0.0012567138901041354
33 15 0.0030030574571874758
33 16 0.005629743908101379
33 17 0.010918703341016819
33 18 0.02037573264626022
33 19 0.038119766358310436
33 20 0.05997004467146994
33 21 0.07937317565499363
33 22 0.10110417708187848
33 23 0.1252338826411311
33 24 0.1547873095762541
33 25 0.19402751213860245
33 26 0.24801252385370837
33 27 0.34259615344150823
33 28 0.6350371262264755
33 29 0.6564179008074027
33 30 0.7160301847724829
33 31 0.7632345264482494
33 32 0.85349223614773
33 33 0.8712580688815391
33 34 0.9126301866670692
33 35 0.9782575887576415
33 36 1.066062075586471
33 37 1.1185558340618527
33 38 1.1656649760851916
33 39 1.235344305618247
33 40 1.324455462977231
34 0 4.4065931169226505e-10
34 1 1.0365644070784039e-09
34 2 1.2957351659858779e-09
34 3 3.6407391880837905e-09
34 4 6.5480894435728824e-09
34 5 1.2496413014505058e-08
34 6 2.6429017154217893e-08
34 7 1.927151238780552e-05
34 8 1.0622126385317979e-05
34 9 5.402041429153298e-05
34 10 5.8635427739838676e-05
34 11 0.00018087047559802412
34 12 0.0003983819834762083
34 13 0.0005274768908855298
34 14 0.001363603038164548
34 15 0.002394827161241704
34 16 0.004386544075259273
34 17 0.008624131814871051
34 18 0.017119307772218158
34 19 0.031050318423217062
34 20 0.05347675366200979
34 21 0.07569559002145652
34 22 0.09541877439845547
34 23 0.12230138445016027
34 24 0.15114733741111264
34 25 0.18470914440850883
34 26 0.25392436279627467
34 27 0.33305414768166985
34 28 0.6153444728115138
34 29 0.6470636605573739
34 30 0.7028315950098377
34 31 0.7752083731123303
34 32 0.7867000999259124
34 33 0.9029914666460563
34 34 0.9569140594838565
34 35 1.0132210700421311
34 36 1.027657549073799
34 37 1.1248629326229005
34 38 1.172050595421753
34 39 1.241763283160663
34 40 1.309019536446017
35 0 3.248150902897581e-10
35 1 7.881277507701494e-10
35 2 1.1857977756033264e-09
35 3 2.9411498392089225e-09
35 4 7.342694291000859e-09
35 5 1.2865853860394896e-08
35 6 9.85039848249155e-08
35 7 3.7100790959176e-08
35 8 6.510893061426734e-06
35 9 1.3650175153037822e-05
35 10 8.056865836048877e-05
35 11 0.00018576020583102918
35 12 0.0002747758658200847
35 13 0.0005072974936830697
35 14 0.0006892066513580144
35 15 0.0017441800874676882
35 16 0.00401697997170482
35 17 0.00699304773608574
35 18 0.012995785553406363
35 19 0.024446281004955675
35 20 0.04659151094010735
35 21 0.07199543041686308
35 22 0.09113189893051886
35 23 0.11748593495133766
35 24 0.15208539531224413
35 25 0.18827313773491272
35 26 0.23269085177997545
35 27 0.32271046895742617
35 28 0.5928384645779015
35 29 0.6510783275389195
35 30 0.7249044607287849
35 31 0.758547409068563
35 32 0.8219248959669667
35 33 0.8721621766710745
35 34 0.9288064309622427
35 35 1.0011326250166803
35 36 1.053940205992818
35 37 1.1385820693644428
35 38 1.1745384135308876
35 39 1.2256599045412198
35 40 1.3246680921566072
36 0 5.437440995335217e-10
36 1 1.2012391863841807e-09
36 2 1.548892141949957e-09
36 3 3.334271448130525e-09
36 4 4.908217697515334e-09
36 5 9.93395400746301e-09
36 6 2.1708317851029646e-08
36 7 3.42446541433047e-08
36 8 1.2491596350922486e-07
36 9 1.2999130682437412e-07
36 10 3.178699208313515e-05
36 11 0.00013414691310105565
36 12 0.00013702141503234928
36 13 0.00038916196381817236
36 14 0.0010873902106182986
36 15 0.0016710825596430432
36 16 0.0029870139573888103
36 17 0.0065363152338833545
36 18 0.01093188997996196
36 19 0.01932506274000484
36 20 0.0374884601175535
36 21 0.06502159187364262
36 22 0.08923128745393626
36 23 0.11362202787980683
36 24 0.14381467899911562
36 25 0.18371565608432994
36 26 0.22436664119986782
36 27 0.3024544885287073
36 28 0.5254275411577071
36 29 0.6601992481265863
36 30 0.6989766684804052
36 31 0.7697381233633575
36 32 0.793885415548398
36 33 0.9032884243678596
36 34 0.9241476135110339
36 35 1.0001092266540628
36 36 1.0672598371307742
36 37 1.105203650933591
36 38 1.1886589763729163
36 39 1.2761490200283407
36 40 1.3274761930593708
37 0 4.4669825907061664e-10
37 1 8.261765766470976e-10
37 2 1.6179667178154055e-09
37 3 3.1303835805019273e-09
37 4 4.722114461311878e-09
37 5 1.195796145744246e-08
37 6 1.9904360176278247e-08
37 7 4.2474745058713415e-08
37 8 3.9681192801744017e-07
37 9 8.398275942224755e-07
37 10 5.299329493309013e-05
37 11 3.149977143475413e-05
37 12 0.00012746489181855177
37 13 0.0003940020764628591
37 14 0.0005291120139342224
37 15 0.0012211500989600182
37 16 0.0021351850103238468
37 17 0.004985490059558593
37 18 0.009176263172860397
37 19 0.01775586177689125
37 20 0.032361010024137424
37 21 0.05922076231889112
37 22 0.08542032908331106
37 23 0.11060988393448878
37 24 0.13854330256968395
37 25 0.1762838873593559
37 26 0.22601539660505932
37 27 0.2935793754706915
37 28 0.4569955167597289
37 29 0.663742541505194
37 30 0.7150765666662214
37 31 0.7303611877815842
37 32 0.8221317493012433
37 33 0.8839809909585034
37 34 0.9401524006037518
37 35 0.9837335229128934
37 36 1.0589778481983954
37 37 1.1099711251091071
37 38 1.1769737421736766
37 39 1.2090510819165443
37 40 1.3195234070184998
38 0 1.1841672539490531e-09
38 1 9.045432154237222e-10
38 2 1.4768164924381938e-09
38 3 2.0693351175072635e-09
38 4 4.6336800584653756e-09
38 5 9.269939665282715e-09
38 6 1.787082085996195e-08
38 7 4.677849985753689e-08
38 8 5.389036729563927e-08
38 9 4.6224269357346017e-07
38 10 1.0409662975717153e-05
38 11 8.70115251832522e-06
38 12 0.00015755779000862464
38 13 0.0003391534100185275
38 14 0.0006985111956372888
38 15 0.0011825951758720958
38 16 0.002267982693945949
38 17 0.0036380865241248243
38 18 0.007884212405061531
38 19 0.014802046053740952
38 20 0.028645477174966908
38 21 0.05473013642809807
38 22 0.08017817124931861
38 23 0.1081108273947649
38 24 0.13397785351735605
38 25 0.17468013861850865
38 26 0.21926235253247137
38 27 0.2762712925313286
38 28 0.43313301886979677
38 29 0.6532760077466736
38 30 0.7118438917043418
38 31 0.7681672591849363
38 32 0.8171661248514802
38 33 0.8789146260684946
38 34 0.9173263951462244
38 35 0.9896991660807746
38 36 1.0254766148511028
38 37 1.1250892303870519
38 38 1.1555936589704432
38 39 1.254908777527542
38 40 1.3260095064786817
39 0 5.656236249754657e-10
39 1 1.1962678063686457e-09
39 2 2.0153222461664777e-09
39 3 2.4397122551039516e-09
39 4 4.131538256411869e-09
39 5 1.600268317663986e-08
39 6 1.6399307837788855e-08
39 7 3.77537211933277e-08
39 8 6.553717475237896e-08
39 9 1.7942350946624956e-05
39 10 1.765801032580927e-05
39 11 5.9295011034376125e-05
39 12 5.895377084004528e-05
39 13 0.0002463739054031475
39 14 0.0004773359696669992
39 15 0.0010740003331320353
39 16 0.0019176982436687094
39 17 0.0037168696195717943
39 18 0.007935778294733341
39 19 0.013868489510900847
39 20 0.027012321012199875
39 21 0.05110044748068667
39 22 0.0790434507093558
39 23 0.10718466045455319
39 24 0.133176999969501
39 25 0.16653724863408917
39 26 0.20721072123069148
39 27 0.2680089151712053
39 28 0.38372343145552
39 29 0.6638386871137903
39 30 0.7138388530319615
39 31 0.7592282304251514
39 32 0.8116099615890093
39 33 0.8703771428093691
39 34 0.9428764731281845
39 35 1.0050492589075113
39 36 1.0394574171917974
39 37 1.1319043618204143
39 38 1.1809837691507332
39 39 1.2402839720030976
39 40 1.328339894504584
40 0 6.557636619618886e-10
40 1 1.773511720411314e-09
40 2 1.947896063674406e-09
40 3 3.805048091309305e-09
40 4 1.028757849300989e-08
40 5 8.023652963665375e-09
40 6 4.4961490366032244e-08
40 7 4.824976210519388e-08
40 8 1.344874878562677e-05
40 9 1.4433813372599325e-07
40 10 1.3875048817293236e-06
40 11 6.070754381827054e-07
40 12 7.245665703278163e-05
40 13 0.00022278419569717083
40 14 0.00036941790280523257
40 15 0.0009743731325205782
40 16 0.001484679649797584
40 17 0.0034410574491215845
40 18 0.006748979998651662
40 19 0.012227267037922773
40 20 0.024834342746783533
40 21 0.04857845241827625
40 22 0.07754367311563858
40 23 0.09906827075241766
40 24 0.13184845448844582
40 25 0.16690616090599902
40 26 0.2118399681964853
40 27 0.25964330571857386
40 28 0.3818405397576988
40 29 0.6661592201737533
40 30 0.701241607069022
40 31 0.7684521854846811
40 32 0.829281667958059
40 33 0.8646644256161048
40 34 0.9063032748681084
40 35 0.9971445501599951
40 36 1.0855463342788891
40 37 1.094081234735391
40 38 1.1493458200644542
40 39 1.241642940588778
40 40 1.3161145400348568
41 0 7.352947866032346e-10
41 1 1.7553861825714862e-09
41 2 2.107981223002664e-09
41 3 3.0074716656979047e-09
41 4 4.250143133745871e-09
41 5 1.1077243522660765e-08
41 6 1.74935082635477e-08
41 7 4.2540425710216436e-08
41 8 1.1372326266940751e-07
41 9 1.909566300440245e-07
41 10 3.556382902030438e-05
41 11 6.361553813663152e-05
41 12 4.15442502267326e-05
41 13 0.00017075276886210387
41 14 0.0003408293349108261
41 15 0.00037041237468422075
41 16 0.0011261385731769046
41 17 0.0031912315505988284
41 18 0.006843906432439491
41 19 0.01257019147287386
41 20 0.023350922857751127
41 21 0.04576832542623871
41 22 0.07442325750173097
41 23 0.09963250972981127
41 24 0.12788847662731437
41 25 0.1565694941186447
41 26 0.20045775686760822
41 27 0.2551690658922388
41 28 0.3606628317972801
41 29 0.6576949231698669
41 30 0.7151788071594049
41 31 0.7706268029480309
41 32 0.8264424839448042
41 33 0.8655662773880438
41 34 0.9500100046066047
41 35 0.9924981362370258
41 36 1.075480630686113
41 37 1.1320307238990197
41 38 1.1717045966517219
41 39 1.276863641541262
41 40 1.346310031560289
42 0 8.963022247819322e-10
42 1 2.0810297256145775e-09
42 2 2.598152578871537e-09
42 3 4.039508506880006e-09
42 4 5.375752617246328e-09
42 5 8.319624362539884e-09
42 6 2.386804662697895e-08
42 7 3.247965513030769e-08
42 8 7.195973994826978e-08
42 9 1.942517368861914e-07
42 10 3.0142100630830136e-07
42 11 4.469051033899551e-05
42 12 9.184025845041385e-05
42 13 0.00022321921583943026
42 14 0.00033426223791577084
42 15 0.0006293732130081731
42 16 0.0017579288459961568
42 17 0.0033010121959199993
42 18 0.005983324104057924
42 19 0.012140825759991676
42 20 0.021855396242633003
42 21 0.043583158593751024
42 22 0.07175855906869062
42 23 0.09895387353195678
42 24 0.12480561891036895
42 25 0.16073951161909353
42 26 0.20130183439808425
42 27 0.2472291948511096
42 28 0.34833187156608203
42 29 0.6604141464005753
42 30 0.7172954449821883
42 31 0.7857189414357497
42 32 0.7976365031819113
42 33 0.8651274528942953
42 34 0.926349168130293
42 35 0.9846431802595884
42 36 1.0289206460648521
42 37 1.143833088879015
42 38 1.1614733749314883
42 39 1.2555823530000638
42 40 1.3728347917013952
43 0 1.0407600655761677e-09
43 1 2.026670222984816e-09
43 2 2.994913718587262e-09
43 3 4.383518700169803e-09
43 4 5.099397769859505e-09
43 5 3.2325420129503094e-08
43 6 1.8038269019722463e-08
43 7 4.4550292519111076e-08
43 8 1.0020842505117754e-07
43 9 2.3769964461750663e-07
43 10 6.027453216135766e-07
43 11 3.131350916021452e-05
43 12 2.693021387255432e-05
43 13 0.00018819968930227328
43 14 0.0003313206716356204
43 15 0.0006981992333721686
43 16 0.0015007213719584807
43 17 0.0025466665389680876
43 18 0.006366404488820191
43 19 0.010461340497435457
43 20 0.022705243170343004
43 21 0.04250368749427257
43 22 0.07229417408475246
43 23 0.09660954277811791
43 24 0.12419596440725099
43 25 0.1605242674946752
43 26 0.19924164179836507
43 27 0.2534277543068019
43 28 0.3414121028718864
43 29 0.6609432524305409
43 30 0.7195021778995595
43 31 0.7974996169273897
43 32 0.8200015036027009
43 33 0.8955402749170053
43 34 0.9435816580894352
43 35 1.0118337336409615
43 36 1.049171861478197
43 37 1.1180092810939326
43 38 1.1679794581316885
43 39 1.2345645710339224
43 40 1.3019834912738806
44 0 1.2459814643736651e-09
44 1 2.695552990234864e-09
44 2 3.4398764851099934e-09
44 3 4.330229132499357e-09
44 4 5.67034403583634e-09
44 5 1.1730399016099495e-08
44 6 2.1570756882676954e-08
44 7 4.0300851372028617e-08
44 8 9.076851481366957e-08
44 9 1.7141853790120488e-07
44 10 3.6481250346502127e-07
44 11 6.020910806575135e-05
44 12 0.00010693082372507722
44 13 0.00022889484106816473
44 14 0.0002888450929907141
44 15 0.0005644423819538104
44 16 0.001065612711715257
44 17 0.0026595158765851403
44 18 0.006189291867962903
44 19 0.011167077288261837
44 20 0.021867957520236875
44 21 0.04110415740580026
44 22 0.07122609336222292
44 23 0.09714144591125128
44 24 0.1259425591265025
44 25 0.15783516487702792
44 26 0.19331457196332077
44 27 0.24671904660410113
44 28 0.32677173960479
44 29 0.6484507290103747
44 30 0.7110095230607129
44 31 0.787504964731907
44 32 0.828665324669085
44 33 0.882140348472342
44 34 0.9398516183327396
44 35 0.9978765852802689
44 36 1.0587397825259721
44 37 1.1195043006804914
44 38 1.1833599193809594
44 39 1.2804898072715378
44 40 1.307851967582091
45 0 1.3998160118424456e-09
45 1 4.240287448087502e-09
45 2 3.7191645399691207e-09
45 3 4.8296952349411e-09
45 4 5.8505468063120226e-09
45 5 1.1055472537197734e-08
45 6 2.2402875523775428e-08
45 7 3.8870075566497155e-08
45 8 1.343820598291198e-07
45 9 1.5602183275072543e-07
45 10 1.9730773850309325e-05
45 11 6.672555122959196e-06
45 12 2.4139977302527446e-05
45 13 0.00014378400384510774
45 14 0.00021563690827247904
45 15 0.0006421762835524758
45 16 0.0009264986679796407
45 17 0.0025516259364955973
45 18 0.005579480386516845
45 19 0.010579302606640617
45 20 0.022850807191266493
45 21 0.042207330554947714
45 22 0.06887650692437146
45 23 0.09718546225318353
45 24 0.12119297775675798
45 25 0.1589238836866402
45 26 0.19791054208915834
45 27 0.24031465125262158
45 28 0.33226314439616356
45 29 0.6646340906608068
45 30 0.7011198899644699
45 31 0.7535572448661159
45 32 0.823463501336284
45 33 0.9043971639933271
45 34 0.9359485167475595
45 35 0.986886792761104
45 36 1.0604585367328407
45 37 1.1291573906509578
45 38 1.1989243227091966
45 39 1.2166853699298958
45 40 1.3479783760204924
46 0 1.6087955950571303e-09
46 1 3.6824598862553635e-09
46 2 4.4624995027396024e-09
46 3 5.38525120277451e-09
46 4 6.861212206293226e-09
46 5 1.0888100905786958e-08
46 6 2.2806181826553322e-08
46 7 3.53709469944214e-08
46 8 8.482960231256307e-08
46 9 1.8908785362158515e-07
46 10 3.7174236707023035e-05
46 11 6.833736307194624e-05
46 12 2.1591431032731135e-05
46 13 0.000195766788594507
46 14 0.00024295019287421936
46 15 0.0008316669422780798
46 16 0.0014300648634077342
46 17 0.0028618656809664975
46 18 0.005561323862686437
46 19 0.010839412353635064
46 20 0.02160086616665229
46 21 0.04219740509800158
46 22 0.06970633151271455
46 23 0.09683386010021125
46 24 0.12961949547857576
46 25 0.15565648375204752
46 26 0.18674044627315603
46 27 0.2380294990620549
46 28 0.3244303259153083
46 29 0.6544343366476505
46 30 0.7023567185662494
46 31 0.7639989317602609
46 32 0.8262142018608581
46 33 0.8686035495647735
46 34 0.9561131045572098
46 35 0.9975154284073927
46 36 1.0397177576926158
46 37 1.1057335101460368
46 38 1.1663417696469456
46 39 1.251837414186572
46 40 1.3216269845165043
47 0 1.810595886694209e-09
47 1 3.866923834550865e-09
47 2 5.277017130887142e-09
47 3 6.421315074206177e-09
47 4 7.74595211520996e-09
47 5 1.4390679593162965e-08
47 6 2.1077114676330908e-08
47 7 3.92245634771352e-08
47 8 7.336065559642513e-08
47 9 1.3310017775837348e-07
47 10 1.3376437714076909e-05
47 11 1.9960657172265965e-05
47 12 5.76856529119363e-06
47 13 0.00016769508891564504
47 14 0.00030239570851168363
47 15 0.0006581163827499499
47 16 0.0011365187085460764
47 17 0.002952327360136596
47 18 0.005164386870634204
47 19 0.012117813939277413
47 20 0.023605953268188255
47 21 0.04335650700904781
47 22 0.07233112940841765
47 23 0.09689213105097698
47 24 0.1229123455395098
47 25 0.1548899689117997
47 26 0.19431954562794257
47 27 0.2381643998176298
47 28 0.3268779157316194
47 29 0.6282739445673132
47 30 0.7102506884654585
47 31 0.7475031277728169
47 32 0.8185858506938568
47 33 0.8985679529376918
47 34 0.9204052570406548
47 35 1.0186746642593352
47 36 1.089815905825212
47 37 1.1162661394039575
47 38 1.1899776839450846
47 39 1.239256855884344
47 40 1.350780149050979
48 0 2.3719993447636037e-09
48 1 4.908964619886843e-09
48 2 5.717997591714435e-09
48 3 6.748171217200807e-09
48 4 1.1039155130234964e-08
48 5 1.7337780391595292e-05
48 6 2.8289304204165656e-08
48 7 3.695833101655703e-08
48 8 1.4421144316598088e-05
48 9 3.616521178063235e-06
48 10 9.251244764391039e-07
48 11 5.945660898568582e-07
48 12 9.982603284000296e-05
48 13 4.191168228498225e-05
48 14 0.0003837091516838988
48 15 0.0006116935001561445
48 16 0.0021510107737064666
48 17 0.0034430023976290414
48 18 0.005569903632488969
48 19 0.012657523098052365
48 20 0.022376597020341456
48 21 0.044438699518414185
48 22 0.07399403437223973
48 23 0.09652576859853787
48 24 0.12431234796183643
48 25 0.15352452302237526
48 26 0.19412932266375885
48 27 0.24283437234320046
48 28 0.3306455528026426
48 29 0.6419744715226245
48 30 0.715166402499097
48 31 0.7678733475727471
48 32 0.8205644032926437
48 33 0.8952579921683231
48 34 0.9383965444691299
48 35 1.000561917710303
48 36 1.0763394071392558
48 37 1.139257072778308
48 38 1.203452005222311
48 39 1.238480571492075
48 40 1.2977133760341315
49 0 2.6652309104374673e-09
49 1 5.219290427667797e-09
49 2 6.450710088508719e-09
49 3 7.734408943564916e-09
49 4 9.921963608746376e-09
49 5 1.5008983192259257e-08
49 6 2.4445836732512194e-08
49 7 4.0379641140801145e-08
49 8 6.496267951488413e-08
49 9 2.3830051043670425e-07
49 10 1.2240974844991737e-06
49 11 5.690891792128958e-05
49 12 5.0853763517773246e-05
49 13 0.00022482997150284173
49 14 0.000318615765481826
49 15 0.0007420439696453416
49 16 0.0019052153492275707
49 17 0.003990890649710782
49 18 0.006349028126917064
49 19 0.012290201791419455
49 20 0.022326876182476904
49 21 0.04561496037437342
49 22 0.07324861495898191
49 23 0.09844699060287926
49 24 0.13073081602290434
49 25 0.1531676326683706
49 26 0.1946130397044531
49 27 0.24702925845175472
49 28 0.3310634467945316
49 29 0.6190247782838832
49 30 0.7111238743235987
49 31 0.7732302963317592
49 32 0.8304080933801039
49 33 0.862135366732679
49 34 0.9406855747475733
49 35 1.0053412630896938
49 36 1.08635724563928
49 37 1.1277633002633478
49 38 1.1824305040430634
49 39 1.2792477421423973
49 40 1.3113002317301388
50 0 2.684945173591334e-09
50 1 6.264108770894635e-09
50 2 7.368486397596048e-09
50 3 8.815045779304637e-09
50 4 9.466985577265879e-09
50 5 1.6195927932083765e-08
50 6 2.0151221659394004e-08
50 7 4.951458331297536e-08
50 8 1.0382126714782313e-05
50 9 1.3054120390581272e-07
50 10 2.6586494225307607e-05
50 11 1.562670339311155e-05
50 12 8.44040101620057e-05
50 13 0.0002022446851753467
50 14 0.0005865570873180557
50 15 0.0006553082076998239
50 16 0.0015487814579328856
50 17 0.0034918984453857185
50 18 0.00699207961804085
50 19 0.013742401885911429
50 20 0.025386905097385063
50 21 0.046831252256765966
50 22 0.07577006476361221
50 23 0.10015350816777509
50 24 0.12920948037787994
50 25 0.15925636276580066
50 26 0.19899837758441596
50 27 0.2448317406228911
50 28 0.33288254611143836
50 29 0.6335146854563741
50 30 0.7099490948342766
50 31 0.7803317394510889
50 32 0.8316539887624617
50 33 0.8784106518016
50 34 0.9361151426468439
50 35 0.9770798469151881
50 36 1.0500706843705152
50 37 1.119763866358326
50 38 1.1896286149147584
50 39 1.249846769440829
50 40 1.3702022741703455
51 0 2.9026878408763097e-09
51 1 6.63723780610202e-09
51 2 8.669469186574642e-09
51 3 8.973999112357598e-09
51 4 1.176196847691928e-08
51 5 1.5289781953029462e-08
51 6 3.0386818704037554e-08
51 7 8.183008979563715e-08
51 8 7.480638959083541e-08
51 9 2.7066363161109976e-07
51 10 8.630962105944003e-06
51 11 0.00010269121668296506
51 12 5.040594194424116e-05
51 13 0.00036269347760254386
51 14 0.0006913015230919163
51 15 0.0010390451047670158
51 16 0.0019433629654583165
51 17 0.00384731015205426
51 18 0.00838180053475694
51 19 0.015045975419821483
51 20 0.024977726757841413
51 21 0.050590165718751606
51 22 0.07923288332505883
51 23 0.10317331816275026
51 24 0.12883699509308252
51 25 0.16003708625524501
51 26 0.193469740267171
51 27 0.2510844755716103
51 28 0.3593953514476321
51 29 0.6433427892988771
51 30 0.7097550365075816
51 31 0.7681755114666002
51 32 0.818126248941473
51 33 0.8567852589120696
51 34 0.9285671253995199
51 35 1.0018005394487728
51 36 1.0485005357463921
51 37 1.098630978745652
51 38 1.20714471776169
51 39 1.2736074139474158
51 40 1.3416427031036429
52 0 3.391918978071987e-09
52 1 7.334387480782425e-09
52 2 8.883532543279523e-09
52 3 2.6556635222616763e-08
52 4 1.3664270137547438e-08
52 5 1.4418249323708334e-08
52 6 2.3658615700795928e-08
52 7 2.42643980122216e-06
52 8 2.097266714420211e-05
52 9 9.262659250651514e-08
52 10 4.793220295657517e-05
52 11 5.5001652836502757e-05
52 12 0.00018748263276139384
52 13 0.0003224794353023259
52 14 0.0007844538254692013
52 15 0.0014284253201242686
52 16 0.002127746483833322
52 17 0.004467631910913582
52 18 0.00850571664047579
52 19 0.01728070809726147
52 20 0.03134578547479509
52 21 0.05782335052537795
52 22 0.08086423936733736
52 23 0.10613133253712778
52 24 0.12969789769374035
52 25 0.15957024676240364
52 26 0.19674277596739556
52 27 0.2490936454652629
52 28 0.349960936802598
52 29 0.6558052832127319
52 30 0.6937871737025009
52 31 0.745643014200917
52 32 0.8300259801458433
52 33 0.8736877990451374
52 34 0.9648046545846609
52 35 1.0276765820404694
52 36 1.079761178556877
52 37 1.106553709541175
52 38 1.2256149450521931
52 39 1.243663250025496
52 40 1.351817679398901
53 0 4.083968563425097e-09
53 1 8.36458501000981e-09
53 2 1.0263303126910999e-08
53 3 1.5168674346453694e-08
53 4 1.3296890790903792e-08
53 5 1.5627092569085102e-08
53 6 2.859062216771205e-08
53 7 3.5551650595161395e-08
53 8 2.0430590486469427e-07
53 9 2.638938424711849e-06
53 10 3.3730068327420244e-05
53 11 6.894998094681207e-05
53 12 0.00016933531519829358
53 13 0.00041668820826949444
53 14 0.0007583296987219369
53 15 0.001440729153994583
53 16 0.0026395015954524086
53 17 0.0053747013510796375
53 18 0.012194624274291065
53 19 0.01938482144861312
53 20 0.03841339140760578
53 21 0.06130803806609106
53 22 0.08334046899865594
53 23 0.10651311086982902
53 24 0.13202136904678882
53 25 0.16258708750042974
53 26 0.20172229679179549
53 27 0.2570000923340642
53 28 0.35494506956130956
53 29 0.6453951150309911
53 30 0.7093915541806968
53 31 0.7787593486703491
53 32 0.8211531392030822
53 33 0.865842137286023
53 34 0.9403935415003156
53 35 0.9938732211521294
53 36 1.0609693942443585
53 37 1.1532326890261946
53 38 1.1757251526911396
53 39 1.28062733053532
53 40 1.3088922140998396
54 0 4.2229618263176075e-09
54 1 8.944784661212544e-09
54 2 1.1021566136524397e-08
54 3 1.3003749941979092e-08
54 4 1.5512496916051084e-08
54 5 1.720827774212404e-08
54 6 2.25235361929325e-08
54 7 3.95803526529009e-08
54 8 1.5505327935087232e-06
54 9 4.2416641616733294e-07
54 10 7.100232314444166e-06
54 11 4.262488555515404e-05
54 12 0.0002773903618476457
54 13 0.0004004640912087111
54 14 0.0010283163298793901
54 15 0.0014942311326575108
54 16 0.0035649839644142874
54 17 0.0059392579858748235
54 18 0.01359645566098206
54 19 0.023502142719603682
54 20 0.04346213152096739
54 21 0.06612868942926142
54 22 0.08932300782714699
54 23 0.10859783949639969
54 24 0.13078814557423046
54 25 0.162024667127304
54 26 0.20460523775967726
54 27 0.26973878273988017
54 28 0.3604042934721064
54 29 0.6835331359753036
54 30 0.7187062106953007
54 31 0.7545846398223716
54 32 0.818319090823234
54 33 0.8699560897408938
54 34 0.9541826672685438
54 35 0.9989966838341601
54 36 1.06758470223154
54 37 1.1008985129507478
54 38 1.1990402037624053
54 39 1.2355197181651492
54 40 1.3241548172970754
55 0 4.66971694486392e-09
55 1 1.020968467736219e-08
55 2 1.2583675881821922e-08
55 3 1.3509490079631028e-08
55 4 1.509495580354549e-08
55 5 1.688334312155609e-08
55 6 2.7267902742764464e-08
55 7 3.364657597137372e-06
55 8 7.0278166707944335e-06
55 9 5.4543397166814156e-05
55 10 4.1526933360712634e-05
55 11 5.4980693696719274e-05
55 12 0.00016138027358879076
55 13 0.000616634246881149
55 14 0.0012542497730776009
55 15 0.0018786145652950428
55 16 0.004485108561779743
55 17 0.008617112489260618
55 18 0.016355751938060353
55 19 0.029588276073247398
55 20 0.050797865442580845
55 21 0.07050405192922235
55 22 0.0912198593927626
55 23 0.11279541202419284
55 24 0.13641054312178547
55 25 0.16524866502606833
55 26 0.20866567453585963
55 27 0.2715392516149797
55 28 0.3843394106429234
55 29 0.644635659679982
55 30 0.7069776800186013
55 31 0.7774608439869598
55 32 0.839379440055504
55 33 0.8929985071322417
55 34 0.9667171077081032
55 35 0.9925742291074752
55 36 1.0885634180828518
55 37 1.116897678904561
55 38 1.1851751485065145
55 39 1.2621391768856065
55 40 1.3611371942031827
56 0 5.097856937595094e-09
56 1 1.1210437275553168e-08
56 2 1.385394170428663e-08
56 3 1.4393377864579818e-08
56 4 1.8238516913123315e-08
56 5 2.490632926860131e-08
56 6 2.8119669410196675e-08
56 7 4.6482358830495266e-07
56 8 9.877915943448468e-06
56 9 5.564516794361537e-05
56 10 5.824086883142603e-05
56 11 0.0002476461166055222
56 12 0.00035805164239887896
56 13 0.0005827904796745558
56 14 0.0012023919626186672
56 15 0.0026802606258484454
56 16 0.0052985617826364455
56 17 0.010835153894043005
56 18 0.017878920754015853
56 19 0.03581005761872266
56 20 0.055821769642893516
56 21 0.07567150851901928
56 22 0.09465326971169016
56 23 0.11591491772605159
56 24 0.137815882073118
56 25 0.1700569928299557
56 26 0.21754636434923072
56 27 0.2794861256334086
56 28 0.40123138534854363
56 29 0.6682244079490551
56 30 0.7007434080210277
56 31 0.777869338431128
56 32 0.8262300291489946
56 33 0.8795751271525598
56 34 0.9685323818204157
56 35 1.0116007007267838
56 36 1.087213620637046
56 37 1.1163413332094354
56 38 1.20609660086818
56 39 1.2185250528202687
56 40 1.306356370785227
57 0 5.46721119027449e-09
57 1 1.2031208317493107e-08
57 2 1.467289297642314e-08
57 3 1.5829831389776007e-08
57 4 1.811806699729697e-08
57 5 1.9420199474265647e-08
57 6 3.3440704343259665e-08
57 7 1.2027231455138831e-05
57 8 4.862737495225985e-05
57 9 4.5180655182661865e-05
57 10 0.00010926148399456481
57 11 0.00024321343575364805
57 12 0.0005160417729537818
57 13 0.001033500028292438
57 14 0.0017422036294012756
57 15 0.003448924772130348
57 16 0.006016745312528194
57 17 0.0121319080468662
57 18 0.02302189404111279
57 19 0.042332532831558266
57 20 0.061513568310719156
57 21 0.07644502417491644
57 22 0.09604631823529823
57 23 0.11647309953916497
57 24 0.14442175219472275
57 25 0.17965944660814104
57 26 0.21774891775942487
57 27 0.29203839532353326
57 28 0.4589658393950494
57 29 0.6471518644737607
57 30 0.706533945507872
57 31 0.7699957585695932
57 32 0.8342288917825456
57 33 0.8566358973412467
57 34 0.9402426783674653
57 35 0.9700612284278677
57 36 1.0491723504364
57 37 1.1562737055214545
57 38 1.2087988822760123
57 39 1.2358305452615055
57 40 1.3264593614205118
58 0 5.811308719228763e-09
58 1 1.2987156026058513e-08
58 2 1.5986806638183343e-08
58 3 1.7512066332833086e-08
58 4 2.0501134687225652e-08
58 5 2.453466300141746e-08
58 6 5.277541476781783e-07
58 7 3.115550782397269e-07
58 8 4.556715279913008e-05
58 9 3.744583340688667e-05
58 10 0.0001588446628808575
58 11 0.00027511838691713606
58 12 0.0005765495708557978
58 13 0.0010042864364310196
58 14 0.0024059775002586293
58 15 0.003925570064168065
58 16 0.007111264008794754
58 17 0.015011888270456264
58 18 0.028854342173421775
58 19 0.04663753644086397
58 20 0.061537795039274396
58 21 0.08155871072844961
58 22 0.09950277941494712
58 23 0.12138327774049547
58 24 0.1456310793672362
58 25 0.17493021381478294
58 26 0.22521651868228118
58 27 0.2928986203751007
58 28 0.5202278270087433
58 29 0.6575749918986464
58 30 0.7121510792845124
58 31 0.7678387357144038
58 32 0.8281077367511681
58 33 0.8781056024607348
58 34 0.9342727625859562
58 35 0.9816541465469323
58 36 1.1130724516904902
58 37 1.105815538342459
58 38 1.1828038405900658
58 39 1.2707459367053866
58 40 1.3139268667577795
59 0 7.025381524437431e-09
59 1 1.4436105706972727e-08
59 2 1.761802784125937e-08
59 3 1.8456332060486944e-08
59 4 9.838637142628507e-06
59 5 4.7342191905226536e-07
59 6 1.2578896063913084e-05
59 7 6.985635432752354e-08
59 8 3.522690832931552e-05
59 9 8.934049244906824e-05
59 10 0.0001789431641263595
59 11 0.00043982001326686986
59 12 0.0007131786330205138
59 13 0.0013811607935351163
59 14 0.002905870994166823
59 15 0.005518093817607795
59 16 0.009359716270661173
59 17 0.01773046975234555
59 18 0.03516954662171313
59 19 0.050666605436869724
59 20 0.06828374135466424
59 21 0.0850205779951625
59 22 0.1029944865837829
59 23 0.12588511075181533
59 24 0.14907598381812878
59 25 0.18250025323248664
59 26 0.23630021523635847
59 27 0.299233532099651
59 28 0.5844914107427821
59 29 0.6452364683288121
59 30 0.7109417271786417
59 31 0.7814356541415265
59 32 0.8166781764937734
59 33 0.8912245419164018
59 34 0.9363128355365922
59 35 1.0192520817608777
59 36 1.0802655592862818
59 37 1.1197624029026494
59 38 1.183279217325989
59 39 1.2464897272992832
59 40 1.3177975480625432
60 0 7.456626339520599e-09
60 1 1.6524462985402097e-08
60 2 1.9263301390440113e-08
60 3 1.965172000812562e-08
60 4 1.2936579582055522e-05
60 5 3.191680189602036e-05
60 6 1.9731875855339154e-05
60 7 3.4323134353822355e-05
60 8 5.104755242228896e-05
60 9 6.363237032149407e-05
60 10 0.00014126937000808157
60 11 0.00047747231318362145
60 12 0.0009262632106964875
60 13 0.0018121487189976507
60 14 0.0027260067061855814
60 15 0.00640628458590966
60 16 0.012980403854763324
60 17 0.022636939264522798
60 18 0.03886166444454409
60 19 0.05483945796985641
60 20 0.07093100600891898
60 21 0.08516060534504011
60 22 0.10329237813965823
60 23 0.1229947643760991
60 24 0.15497767042585167
60 25 0.1886673942792396
60 26 0.24630352239228442
60 27 0.31658869786141725
60 28 0.5901701482727966
60 29 0.657268304781125
60 30 0.7096121212926036
60 31 0.7589043789324132
60 32 0.8058677329603204
60 33 0.8800647268424003
60 34 0.9403619892200838
60 35 1.0007680983727507
60 36 1.0444857779295809
60 37 1.129819457212517
60 38 1.159181939080132
60 39 1.2386544732654954
60 40 1.3364782848406827
61 0 8.060189287300456e-09
61 1 2.0496077291279594e-08
61 2 1.9617358369615652e-08
61 3 2.2258934554575737e-08
61 4 3.799747060619236e-08
61 5 3.066800594848611e-08
61 6 4.14438490394167e-06
61 7 4.360747862231643e-05
61 8 6.745746341318863e-05
61 9 0.00023620475599316006
61 10 0.0002205386688853364
61 11 0.0004465597973240053
61 12 0.001150963288013774
61 13 0.00219847122703688
61 14 0.0038946369668804316
61 15 0.008399561096132995
61 16 0.015176067112322729
61 17 0.029523221818368285
61 18 0.04248427316187658
61 19 0.05864742800367214
61 20 0.07315530545891374
61 21 0.09068396071257723
61 22 0.1090364919623229
61 23 0.13289231336044627
61 24 0.1564513647191036
61 25 0.19068611821569864
61 26 0.25077335244830967
61 27 0.33836106714990394
61 28 0.6244547765941834
61 29 0.6631723718759343
61 30 0.7188676797032337
61 31 0.759640058013684
61 32 0.822856084232177
61 33 0.8695805026924507
61 34 0.9382192107027464
61 35 1.00556756817503
61 36 1.0714493063932102
61 37 1.155392233155009
61 38 1.2050034096289084
61 39 1.2816448325210097
61 40 1.2713296326409917
62 0 8.257174639025379e-09
62 1 1.866150214122871e-08
62 2 2.3383347466373555e-08
62 3 2.4721306648797527e-08
62 4 9.323287362687994e-06
62 5 4.8571122335902434e-08
62 6 1.0582701218124905e-05
62 7 6.508214245353501e-05
62 8 0.00011019490298736268
62 9 0.00020225094581846222
62 10 0.0003718561577379821
62 11 0.0006890712771852171
62 12 0.0014965954678702747
62 13 0.0030151953401256278
62 14 0.005316948322798299
62 15 0.010138925567778435
62 16 0.019203663019745947
62 17 0.03185052037056679
62 18 0.046484032808005976
62 19 0.06131407138429085
62 20 0.07586227495238773
62 21 0.09240408897388461
62 22 0.11322366296507189
62 23 0.1303862677105248
62 24 0.15975276484411652
62 25 0.1995737598340247
62 26 0.2668445983360486
62 27 0.3815205460016515
62 28 0.5966209239292104
62 29 0.6521106731460784
62 30 0.7111523886558401
62 31 0.7608146026338626
62 32 0.8131853388532047
62 33 0.873946703199856
62 34 0.9382760005770031
62 35 0.9878022188932278
62 36 1.0632760267201578
62 37 1.1451697412540671
62 38 1.1892703697295255
62 39 1.2824667881008895
62 40 1.354594603444108
63 0 9.759334667960743e-09
63 1 2.0233461843727518e-08
63 2 7.5328524383351675e-06
63 3 3.877225582317756e-06
63 4 4.5529844975164655e-08
63 5 2.8787188040125877e-05
63 6 1.6047575170184732e-05
63 7 6.972328205170532e-05
63 8 0.00014192143471166105
63 9 0.00030814578133102154
63 10 0.00044280632513833896
63 11 0.0011955394581459231
63 12 0.00189628337551274
63 13 0.003388613992196914
63 14 0.006674756134429946
63 15 0.011953940803779397
63 16 0.022626928260304418
63 17 0.036874632232734524
63 18 0.05175198814203926
63 19 0.06324315365591311
63 20 0.07814804583331891
63 21 0.09531399581328565
63 22 0.11268104518463642
63 23 0.14069195672889104
63 24 0.16473885557374093
63 25 0.21065295607930512
63 26 0.27214781887744555
63 27 0.4247758326781664
63 28 0.594229488309406
63 29 0.6561411978923551
63 30 0.7197995888796828
63 31 0.7648586696089846
63 32 0.8252604098360045
63 33 0.8736760540117239
63 34 0.9425477779575285
63 35 1.0120844579132826
63 36 1.0345963955153632
63 37 1.1088537152562052
63 38 1.2134791361529895
63 39 1.223285120427897
63 40 1.3336445777832948
64 0 9.99851600477743e-09
64 1 2.0370566190742335e-08
64 2 4.8413455337390765e-06
64 3 3.869528037816649e-08
64 4 4.6505356441993074e-08
64 5 4.691818980377721e-05
64 6 1.9667956906077352e-05
64 7 6.089795079869669e-05
64 8 0.00016292980165746727
64 9 0.000273687236576406
64 10 0.0006405198444276673
64 11 0.001082018355535461
64 12 0.0024372604297024348
64 13 0.004536441426552291
64 14 0.00863790485677987
64 15 0.015912606910686803
64 16 0.028211168064910738
64 17 0.04062845302676129
64 18 0.05189419259440766
64 19 0.06771722932759146
64 20 0.08017570051479138
64 21 0.09625739015483965
64 22 0.11631274770841023
64 23 0.14172861242168883
64 24 0.17313523451006976
64 25 0.20965929831675695
64 26 0.2764779772217439
64 27 0.5300705258603492
64 28 0.5971913794055486
64 29 0.680275523129177
64 30 0.7118775219905654
64 31 0.7549853831423169
64 32 0.8457664866025498
64 33 0.8616916338839105
64 34 0.940075826533116
64 35 1.018321559533506
64 36 1.0731750650182323
64 37 1.101085261864128
64 38 1.1882022259508584
64 39 1.241164331713408
64 40 1.351770058930722
65 0 1.0526864805758231e-08
65 1 2.2476872526204315e-08
65 2 4.029907589465012e-08
65 3 4.259293216626505e-06
65 4 1.5386689096664097e-05
65 5 2.861337253007362e-05
65 6 7.55419838720204e-05
65 7 8.278874691452546e-05
65 8 0.00017362679697921805
65 9 0.0003425099269126351
65 10 0.0007254640226318781
65 11 0.001559161494750006
65 12 0.003019529382919349
65 13 0.006448661783271452
65 14 0.011696397549081885
65 15 0.019435740079197638
65 16 0.03087373521985518
65 17 0.04338275301425929
65 18 0.0553286781724968
65 19 0.06833527168969329
65 20 0.08474483690875832
65 21 0.09902869216980703
65 22 0.12023351765153117
65 23 0.1453327476554467
65 24 0.17677531499973861
65 25 0.22347307787661447
65 26 0.2957532061507632
65 27 0.5587545269683047
65 28 0.6049448222773405
65 29 0.6543064964034064
65 30 0.7323144723853509
65 31 0.7629816281057515
65 32 0.8251285988175469
65 33 0.868110927554617
65 34 0.9459642187912108
65 35 1.0023204545834492
65 36 1.0585244442860389
65 37 1.1425620996318175
65 38 1.2002545646812355
65 39 1.2226848249097853
65 40 1.3404913958669062
66 0 1.1939550265827275e-08
66 1 2.345111295830273e-08
66 2 3.3054856063469265e-08
66 3 1.2339136437040166e-05
66 4 1.1016397706233715e-05
66 5 2.750064257833792e-05
66 6 4.054379319305961e-05
66 7 0.00013621384395201945
66 8 0.00014545613213371204
66 9 0.0005588004375451138
66 10 0.0009296999686698467
66 11 0.002054861951092723
66 12 0.003690623740409037
66 13 0.006999546757669934
66 14 0.013961592263969686
66 15 0.02396369808201865
66 16 0.032669571784188056
66 17 0.045711022336191974
66 18 0.057433371365525454
66 19 0.07060700200930504
66 20 0.08343730067716326
66 21 0.09999039460088589
66 22 0.1227647168946123
66 23 0.14947380882986797
66 24 0.17634230522809125
66 25 0.22710629594529105
66 26 0.33780798936475265
66 27 0.5561539484823834
66 28 0.5900012479618129
66 29 0.6758265874785441
66 30 0.698405981117804
66 31 0.7463691020583119
66 32 0.7971783098919711
66 33 0.874976799101597
66 34 0.9380089122299269
66 35 0.943943121061507
66 36 1.0838937626946719
66 37 1.0837942585626257
66 38 1.1592569529216787
66 39 1.2439754648931935
66 40 1.2940535447015533
67 0 1.1112584682464778e-08
67 1 1.0883719676957892e-06
67 2 1.554940741911571e-05
67 3 9.072406489959616e-06
67 4 2.0257789920301532e-05
67 5 6.62806495400322e-05
67 6 9.085025353285164e-05
67 7 0.0001907938027023049
67 8 0.000290959664251315
67 9 0.0006670281668874187
67 10 0.0012615158600122417
67 11 0.0025392008993135825
67 12 0.0041999188821380505
67 13 0.008564961572451393
67 14 0.0166385990048406
67 15 0.027041968745154736
67 16 0.03644876450147323
67 17 0.04877265025587003
67 18 0.05920516992972182
67 19 0.07274865106883513
67 20 0.08948838269866971
67 21 0.10677690395160608
67 22 0.12685215368802255
67 23 0.15442979055998293
67 24 0.19225636035723562
67 25 0.24121295597970102
67 26 0.36004901878360124
67 27 0.5865542589947679
67 28 0.6006869000087945
67 29 0.6730002195644321
67 30 0.702695140537463
67 31 0.7800626815134074
67 32 0.8142319182625766
67 33 0.8689812301939545
67 34 0.9519643803154099
67 35 1.0214985281404905
67 36 1.0472732165244005
67 37 1.1183135933963613
67 38 1.196067854316209
67 39 1.2873381289535428
67 40 1.3598784502209154
68 0 1.2543847490086853e-08
68 1 2.6741509590157455e-08
68 2 3.97360854983485e-08
68 3 6.530060412805055e-06
68 4 1.2438817038453068e-05
68 5 4.165734018674771e-05
68 6 0.00011989483611297855
68 7 0.00015956325446620553
68 8 0.00043566492708442474
68 9 0.0006440754568879909
68 10 0.0014394257944832045
68 11 0.0028759303683725916
68 12 0.005131884415591168
68 13 0.010195691815962101
68 14 0.019762872190465675
68 15 0.028841392103467957
68 16 0.03909821648756989
68 17 0.05143013986274803
68 18 0.06280928261210714
68 19 0.074652224280485
68 20 0.09050710335648089
68 21 0.10354028970891896
68 22 0.12783850988751513
68 23 0.15949135888748464
68 24 0.19393025368272607
68 25 0.25334102964547367
68 26 0.44119375157222473
68 27 0.5683786346181624
68 28 0.5898752391503352
68 29 0.6686253641013925
68 30 0.7090058188554794
68 31 0.7534840187936975
68 32 0.8274937384069526
68 33 0.8738590301458545
68 34 0.9512519814641391
68 35 0.9964843237611701
68 36 1.0966308823734918
68 37 1.1317783577067386
68 38 1.175448676711714
68 39 1.2534595044849135
68 40 1.3054415821052003
69 0 7.234312073498478e-08
69 1 3.037848084465302e-08
69 2 8.130909710576551e-06
69 3 3.5268473441794923e-06
69 4 9.551897200546003e-06
69 5 5.877696929853947e-05
69 6 9.085429730625341e-05
69 7 0.00015892072886671555
69 8 0.0004503375275901511
69 9 0.0007762705353338903
69 10 0.0015187579996497128
69 11 0.003153543166988447
69 12 0.006182602308443444
69 13 0.012636166812932746
69 14 0.021255671293937007
69 15 0.030845465311616305
69 16 0.0413122895849424
69 17 0.05163256209746155
69 18 0.06407274400223906
69 19 0.07799693822518892
69 20 0.09415571731101084
69 21 0.11198805512663883
69 22 0.13556626995108395
69 23 0.16154025884405812
69 24 0.20213659855763652
69 25 0.27457907869489473
69 26 0.5076743788354948
69 27 0.5587417597600649
69 28 0.5969553642846731
69 29 0.6492779786700549
69 30 0.7171690660674632
69 31 0.7850257577538249
69 32 0.8100768936301682
69 33 0.8698651393475136
69 34 0.9165649355292999
69 35 1.02961816682894
69 36 1.0563141281427173
69 37 1.1135987460037315
69 38 1.1877963330527017
69 39 1.2619604975298127
69 40 1.3328028214294643
70 0 3.279781821448033e-06
70 1 6.267920564140407e-08
70 2 5.010799652596037e-06
70 3 2.16968758535116e-05
70 4 1.8567405558651153e-05
70 5 5.6504190316095335e-05
70 6 9.950032462292264e-05
70 7 0.00025156630807309676
70 8 0.00042940224431318894
70 9 0.0012124410056309448
70 10 0.0019424267525836455
70 11 0.004112727128867634
70 12 0.0076065673172758435
70 13 0.014956259779204555
70 14 0.02288858228382879
70 15 0.033864962562790944
70 16 0.04283287212790076
70 17 0.054048585953420936
70 18 0.0683678456305549
70 19 0.07931068687309707
70 20 0.0971864496527483
70 21 0.11322379057249421
70 22 0.13403060510964265
70 23 0.17086628923648978
70 24 0.20570103325798356
70 25 0.2995546946591732
70 26 0.4928442470844078
70 27 0.5646406805280872
70 28 0.5976535648166322
70 29 0.6575190631517309
70 30 0.7209557779416076
70 31 0.7773467953879912
70 32 0.8098899795321025
70 33 0.8827068005379344
70 34 0.9417477342924924
70 35 0.9999444038307751
70 36 1.0662573901157528
70 37 1.1378619645255275
70 38 1.1892282687237083
70 39 1.2290651043262384
70 40 1.3381153009646154
71 0 3.3157805769119452e-06
71 1 3.033060389966248e-06
71 2 4.611581476134711e-08
71 3 1.0513660395917136e-05
71 4 3.26750983223693e-05
71 5 5.4002611658860086e-05
71 6 0.0001078668016677512
71 7 0.0002895081428672681
71 8 0.0004787136017738538
71 9 0.0011327757762026988
71 10 0.0022402899394878967
71 11 0.00419360739246324
71 12 0.008856162327825243
71 13 0.01640786380513723
71 14 0.025260998457683904
71 15 0.035093552570171174
71 16 0.04459363830746192
71 17 0.05516096911356509
71 18 0.06810090695783182
71 19 0.08244168988482412
71 20 0.09963907498526044
71 21 0.11739578036902669
71 22 0.14154726674101523
71 23 0.1748981765212741
71 24 0.22621913059755558
71 25 0.3578658200829925
71 26 0.5167278099437411
71 27 0.5511674036068798
71 28 0.5916553483773421
71 29 0.6600009866550867
71 30 0.6967920666367959
71 31 0.7496885985111456
71 32 0.8352862580792993
71 33 0.8717572058498685
71 34 0.9348547229671611
71 35 1.0045851388654012
71 36 1.056441768388599
71 37 1.129959828561361
71 38 1.1750015399955618
71 39 1.2962042028783014
71 40 1.3447851469291021
72 0 3.22064835941602e-06
72 1 3.405045986285709e-06
72 2 6.0154839418109785e-06
72 3 1.2182029477352658e-05
72 4 5.052701564888225e-05
72 5 7.346043206495547e-05
72 6 0.00016712682058070446
72 7 0.00033531453175167147
72 8 0.0005366654576071047
72 9 0.0011479246064062534
72 10 0.002747830497426063
72 11 0.004731262022396593
72 12 0.010410422838275157
72 13 0.017593846236412646
72 14 0.026065792571419798
72 15 0.03568647792062832
72 16 0.04582098859597
72 17 0.05782981154156025
72 18 0.06668832997909223
72 19 0.08286737737058916
72 20 0.10168833088390686
72 21 0.12232157058756206
72 22 0.14663946091130786
72 23 0.17546393209209363
72 24 0.2414130770879915
72 25 0.39420232697417007
72 26 0.528169452260715
72 27 0.5586111345463092
72 28 0.6059785414697798
72 29 0.6520522727794091
72 30 0.7181104479562428
72 31 0.7573997046006434
72 32 0.8108286132002214
72 33 0.8877195307384911
72 34 0.9400714237922851
72 35 1.0043930663993985
72 36 1.0287415062611729
72 37 1.119046283549733
72 38 1.181556444210896
72 39 1.2033339060503077
72 40 1.3199664925766408
73 0 2.036471074654396e-08
73 1 4.952211516405744e-06
73 2 1.070018042688619e-05
73 3 1.1843390200342132e-05
73 4 5.177717344731696e-05
73 5 6.455687495166464e-05
73 6 0.00017351865006744898
73 7 0.00045668365534745316
73 8 0.0007032429211908811
73 9 0.001438007845599286
73 10 0.0030345027054314807
73 11 0.005961583688203687
73 12 0.011884594024243572
73 13 0.018337041109098503
73 14 0.026484972018944244
73 15 0.03751879158966582
73 16 0.04737131030848855
73 17 0.05670090821124991
73 18 0.0720191607714791
73 19 0.08501574595343886
73 20 0.10279968042836082
73 21 0.12276006150141609
73 22 0.15252977567221787
73 23 0.18900068776933784
73 24 0.26209140354327426
73 25 0.4564228524220067
73 26 0.5156720118179519
73 27 0.5585562204536617
73 28 0.6105960087914171
73 29 0.6360970460276716
73 30 0.7384542255304853
73 31 0.7453580599377508
73 32 0.8186673890855596
73 33 0.8788838521058203
73 34 0.9267019247589171
73 35 0.979536054251128
73 36 1.0660310418906225
73 37 1.141239922354617
73 38 1.155506074172274
73 39 1.2541119712144828
73 40 1.3338563813859425
74 0 3.760530793781987e-07
74 1 5.614995439339707e-06
74 2 4.286426767465091e-06
74 3 1.3487687541488472e-05
74 4 4.3212974267808504e-05
74 5 0.00010685346266388893
74 6 0.0002120881525246744
74 7 0.0004565915821471786
74 8 0.0008881666656540551
74 9 0.0017876884580177719
74 10 0.0035071245897070396
74 11 0.006823795138013719
74 12 0.01282365470185719
74 13 0.018935009216545024
74 14 0.02918403409322333
74 15 0.03723751230808543
74 16 0.04887678903629007
74 17 0.06098959685540191
74 18 0.07349173596196006
74 19 0.08938971552825764
74 20 0.10197962745290694
74 21 0.12537064461687814
74 22 0.158914037544642
74 23 0.20010861692883783
74 24 0.29621406561360186
74 25 0.47353009910018384
74 26 0.5359207999473511
74 27 0.551219780627576
74 28 0.5842797692105595
74 29 0.6664896945858348
74 30 0.6919759251431533
74 31 0.7547541584231979
74 32 0.8343133666340651
74 33 0.8794036884505676
74 34 0.9301879069044724
74 35 0.9974944170241759
74 36 1.0518657808712724
74 37 1.121008615692054
74 38 1.1968728516072045
74 39 1.2521842411275743
74 40 1.2873296940940886
