14 0 7.309512885936288e-08
14 1 3.1124622705850384e-06
14 2 1.7812158765879612e-05
14 3 1.9288316199567806e-05
14 4 6.791155270840085e-05
14 5 0.00019021708546185302
14 6 0.0003328355685946409
14 7 0.0007422082843492016
14 8 0.0011643579500980874
14 9 0.0025553274340600475
14 10 0.004872271965750905
14 11 0.009691423282769975
14 12 0.01460690776618248
14 13 0.02013894839446749
14 14 0.02572035126550161
14 15 0.034054586162260404
14 16 0.043338461464097255
14 17 0.05146613443377008
14 18 0.06610676852094614
14 19 0.08381104773695873
14 20 0.10124458021647087
14 21 0.12740289714900854
14 22 0.15214940078339773
14 23 0.19105648201266523
14 24 0.25374549717217315
14 25 0.47025828234068784
14 26 0.5109411728469742
14 27 0.5526901724184671
14 28 0.5919863612934637
14 29 0.6554156605360919
14 30 0.6902453764205915
14 31 0.7639632560304792
14 32 0.8252232696498061
14 33 0.8825721346413608
14 34 0.921095794802627
14 35 0.9963593880160515
14 36 1.0602446683191888
14 37 1.1244797904488546
14 38 1.2054818837942105
14 39 1.2484264646200165
14 40 1.3383536096190198
15 0 3.942352678135405e-06
15 1 4.830086231021607e-06
15 2 1.04686254925865e-05
15 3 2.8513492483615042e-05
15 4 6.222893867271679e-05
15 5 0.00018996671348815535
15 6 0.00030826832056655057
15 7 0.0005405259191827577
15 8 0.0009785731355804606
15 9 0.002290353796164826
15 10 0.004249354999121534
15 11 0.00904673293196606
15 12 0.013905904545015545
15 13 0.019156106625113377
15 14 0.02651618904472022
15 15 0.0332494574498457
15 16 0.041457502701079944
15 17 0.0522447620024508
15 18 0.06352382696332927
15 19 0.08032104607337505
15 20 0.10069295298065653
15 21 0.11906773882236535
15 22 0.1514645984951066
15 23 0.18810134711263418
15 24 0.2368392911090426
15 25 0.46125660114652567
15 26 0.5192113636040847
15 27 0.5680214099455314
15 28 0.6046665281055796
15 29 0.6632805509965937
15 30 0.7113313111018752
15 31 0.7931013573783701
15 32 0.8225343194794177
15 33 0.9067351241684859
15 34 0.9467830157669743
15 35 0.9919562144822573
15 36 1.0822428501044972
15 37 1.120823050505916
15 38 1.198526420422105
15 39 1.2744605919077248
15 40 1.3001139846578222
16 0 2.3661153174632235e-09
16 1 4.079993606066268e-06
16 2 2.036856230009593e-05
16 3 1.9659274444409018e-05
16 4 0.00010258152643472864
16 5 0.00012532010347330097
16 6 0.0002355830866131846
16 7 0.0005036642294336039
16 8 0.0010115905436994639
16 9 0.0018761849215726094
16 10 0.0039508895296019985
16 11 0.008264709308741652
16 12 0.01349314336103545
16 13 0.018602570774201223
16 14 0.025138261478085535
16 15 0.03213385335437359
16 16 0.04009148524588072
16 17 0.051064479416556514
16 18 0.06368447003526008
16 19 0.0772857208388014
16 20 0.09682877682619953
16 21 0.1170956547385977
16 22 0.144072021628027
16 23 0.18252147403866306
16 24 0.2327228471009696
16 25 0.47114776188807755
16 26 0.5074331443517376
16 27 0.5614481118197583
16 28 0.604944971169249
16 29 0.6729807948746859
16 30 0.6901882710527196
16 31 0.7753381082242079
16 32 0.8201540164330505
16 33 0.8691311966149573
16 34 0.9677266121084933
16 35 0.9944867645745464
16 36 1.0569496283786617
16 37 1.1732583841008164
16 38 1.1873174346973097
16 39 1.2974427644408297
16 40 1.3182368236739768
17 0 9.117319922846319e-09
17 1 1.2134557216284722e-08
17 2 1.2374286879036892e-05
17 3 3.0462009861365414e-05
17 4 6.9337503169294e-05
17 5 6.906915067936105e-05
17 6 0.0001743544099872745
17 7 0.00042705914098016036
17 8 0.0007859547978379556
17 9 0.001678000674516619
17 10 0.0032518179514223916
17 11 0.007104636018145642
17 12 0.011967729979215221
17 13 0.01745376566585894
17 14 0.024001810180543422
17 15 0.03011558759555499
17 16 0.03895245434970151
17 17 0.048530815053020364
17 18 0.06184989792708236
17 19 0.075567167194523
17 20 0.09359450831939564
17 21 0.11968520076914144
17 22 0.14171931294617843
17 23 0.17370896459648433
17 24 0.22924205117587634
17 25 0.39160879466785475
17 26 0.5087099456149952
17 27 0.5364371596932253
17 28 0.6000048452034813
17 29 0.6654015770487495
17 30 0.6951459717985743
17 31 0.7575700951119662
17 32 0.798205478671149
17 33 0.8560645283559221
17 34 0.9344301189740896
17 35 0.9692462797984186
17 36 1.0293831160561537
17 37 1.141817404596412
17 38 1.1885214732373675
17 39 1.2685438557424915
17 40 1.3124273022014492
18 0 3.795912642258212e-06
18 1 1.0661850830377149e-05
18 2 5.760918782875777e-06
18 3 9.771923635922945e-06
18 4 2.7698540247486607e-05
18 5 6.501810278537207e-05
18 6 0.0001808327654234054
18 7 0.00038942964427778927
18 8 0.0006952269326055065
18 9 0.0014551139336105331
18 10 0.0027593348555242786
18 11 0.006171533064599628
18 12 0.011180469310497598
18 13 0.01698655749515055
18 14 0.02340294447169772
18 15 0.029998894227555972
18 16 0.03817557940928369
18 17 0.049296923197316246
18 18 0.06075708095274824
18 19 0.07643715737675764
18 20 0.09405246954269185
18 21 0.11370160989772952
18 22 0.14472645569462592
18 23 0.17613162818520509
18 24 0.21820674664865042
18 25 0.3186300158661506
18 26 0.5120660867889759
18 27 0.5634342522824692
18 28 0.6060052581662376
18 29 0.6482047709244695
18 30 0.703747971167692
18 31 0.7708155111015578
18 32 0.8135987557420606
18 33 0.8535495876529079
18 34 0.9536392027474904
18 35 1.008580161322841
18 36 1.0570558988373433
18 37 1.1216019481193051
18 38 1.1428128007523455
18 39 1.2564299430111032
18 40 1.3374418207539334
19 0 1.2694322504830635e-06
19 1 7.93956669713772e-09
19 2 4.1815722174104224e-06
19 3 1.6118419513290423e-05
19 4 3.357629237003465e-05
19 5 6.527338583891584e-05
19 6 0.00013616044597008272
19 7 0.00025537313247523525
19 8 0.0005555917238409243
19 9 0.0012311169191833028
19 10 0.0026293345543486977
19 11 0.00509283608562333
19 12 0.009944240844390852
19 13 0.015403171879857394
19 14 0.022183001435901004
19 15 0.029891592015131568
19 16 0.03706543411576413
19 17 0.047431634125571526
19 18 0.058523502266260866
19 19 0.07613284847446904
19 20 0.0944569390209325
19 21 0.11195280576486559
19 22 0.1397897745857001
19 23 0.16851205979877518
19 24 0.20967372578541427
19 25 0.3026240744004173
19 26 0.524560131814266
19 27 0.5757473547354257
19 28 0.5966783688957451
19 29 0.6540281012094648
19 30 0.6937804967560675
19 31 0.7605055803362637
19 32 0.8128177980098569
19 33 0.8697715041992782
19 34 0.9342387421244294
19 35 1.0143636413822903
19 36 1.06255086676921
19 37 1.1098311891974493
19 38 1.1568317395495256
19 39 1.257955071812985
19 40 1.3138310288019606
20 0 1.9037762079969094e-09
20 1 3.562704808549006e-09
20 2 5.15085836019785e-09
20 3 1.9017639645664517e-06
20 4 2.5586780932561827e-05
20 5 6.621222462946426e-05
20 6 0.00014406125302992786
20 7 0.00036206076444681497
20 8 0.0005990050196669316
20 9 0.0011779658942311097
20 10 0.0020732196790512044
20 11 0.0037917107867208736
20 12 0.008348390564247824
20 13 0.014378999832919834
20 14 0.02054624344442788
20 15 0.02718551954077767
20 16 0.03700035907862652
20 17 0.04802814197347034
20 18 0.058725485998448276
20 19 0.07225591930656071
20 20 0.08984708873297712
20 21 0.10697025839896017
20 22 0.1344018537330725
20 23 0.16833638227809367
20 24 0.21303956706820268
20 25 0.2845616948925846
20 26 0.4989226804726232
20 27 0.5418548543275199
20 28 0.5994104818852394
20 29 0.6574620954019867
20 30 0.7010848896109158
20 31 0.7490874736710964
20 32 0.8085454979381197
20 33 0.8811543564853189
20 34 0.9505613742557576
20 35 0.9742173186639946
20 36 1.0424066844465
20 37 1.146070982678822
20 38 1.197503283870405
20 39 1.2470001915889357
20 40 1.3144483367664819
21 0 2.0662528503653223e-09
21 1 8.922786930082182e-06
21 2 8.610291238873107e-09
21 3 2.9134594756797505e-06
21 4 7.900717214571925e-06
21 5 2.7598276628964987e-05
21 6 9.543561569196163e-05
21 7 0.00021236509781161978
21 8 0.0004073003736307748
21 9 0.00087250903344446
21 10 0.0015543361853840845
21 11 0.0033888368293499703
21 12 0.006848152699331361
21 13 0.013145403410092968
21 14 0.019880940653455664
21 15 0.026504518494923048
21 16 0.036103236114059745
21 17 0.04612655752089893
21 18 0.05806636707241125
21 19 0.0725706163436536
21 20 0.08749421982588441
21 21 0.11060122763005402
21 22 0.1326900594331254
21 23 0.1597565733462067
21 24 0.19968132473840258
21 25 0.27146457749828706
21 26 0.4979900960925881
21 27 0.5621740862239245
21 28 0.6174989455414205
21 29 0.6848236730890538
21 30 0.7070037071603105
21 31 0.7726502467334533
21 32 0.832140387045574
21 33 0.8691772131510328
21 34 0.9159461585479014
21 35 1.005756930950249
21 36 1.0932516600564215
21 37 1.1279997929055396
21 38 1.1869894194471544
21 39 1.248364831092989
21 40 1.361997777831897
22 0 5.772582709445406e-10
22 1 7.922777187038594e-07
22 2 2.4914130272871555e-06
22 3 1.8653737427923632e-05
22 4 2.283322111399982e-05
22 5 7.82894880434587e-05
22 6 0.00011750506333751134
22 7 0.0001870028477075914
22 8 0.00038778284899013447
22 9 0.0007324106671230355
22 10 0.0015702390933949185
22 11 0.0028959355926088015
22 12 0.00541083880229632
22 13 0.010166076394603533
22 14 0.01769386620366048
22 15 0.02491488362702343
22 16 0.03372726179869525
22 17 0.04443416820443085
22 18 0.05643308614083523
22 19 0.06865286768515798
22 20 0.0881943216090065
22 21 0.10712489787430277
22 22 0.1305228466242071
22 23 0.153266216909499
22 24 0.19608958037073204
22 25 0.26110528020893325
22 26 0.5108413770759324
22 27 0.5496588157286871
22 28 0.6160170815693907
22 29 0.6731130596453728
22 30 0.7066306581709496
22 31 0.7808936447918943
22 32 0.8337649343704486
22 33 0.8748246496198208
22 34 0.9618099558294613
22 35 0.9715304512395345
22 36 1.0583298607900506
22 37 1.1223367825000548
22 38 1.2159362231582849
22 39 1.249490594498697
22 40 1.3521759453820215
23 0 1.085913067143931e-09
23 1 2.8790949067877305e-09
23 2 9.509215245683902e-09
23 3 9.45901622897478e-06
23 4 1.0716918846755171e-05
23 5 5.5932013627695e-05
23 6 6.020732901139557e-05
23 7 0.00014713699850383137
23 8 0.0003023357755885949
23 9 0.0005649985768143932
23 10 0.0010905768039461215
23 11 0.0024282793552260398
23 12 0.004527047397691829
23 13 0.00843678502017779
23 14 0.016076364512858488
23 15 0.023566793699525253
23 16 0.032550091722232
23 17 0.0426064932484411
23 18 0.05277013753692935
23 19 0.0691493402813019
23 20 0.08590077078684435
23 21 0.10275402494915131
23 22 0.128592838323216
23 23 0.15491379659107118
23 24 0.19868817779344153
23 25 0.25048247054154177
23 26 0.4177176244453445
23 27 0.5529992313536076
23 28 0.608139422009015
23 29 0.6479386098382209
23 30 0.7309569700738257
23 31 0.7628705200843203
23 32 0.8125158131835462
23 33 0.8490933797898084
23 34 0.9318691762219476
23 35 1.0055414326002794
23 36 1.0379567068258972
23 37 1.1519984712194418
23 38 1.178701910379801
23 39 1.2289410749129277
23 40 1.3387364824036854
24 0 6.969893109138906e-10
24 1 1.8804560744158036e-09
24 2 4.693714912410735e-06
24 3 8.407764940461885e-06
24 4 1.731917167947497e-05
24 5 4.215107753239477e-05
24 6 5.8387309287482834e-05
24 7 0.0001296487856151135
24 8 0.0002241789518885703
24 9 0.0003899804067212873
24 10 0.0008615948523487152
24 11 0.001934630375735248
24 12 0.0035061274946463442
24 13 0.006948727677647197
24 14 0.013144660896479914
24 15 0.021832001676372684
24 16 0.031107552525388212
24 17 0.042427372473195064
24 18 0.05361721654068223
24 19 0.06544288733862814
24 20 0.08283472650834187
24 21 0.10063812181844635
24 22 0.12547397276380273
24 23 0.1547960555443757
24 24 0.1825276195173081
24 25 0.2458424354006745
24 26 0.3745091027503081
24 27 0.5396483776322735
24 28 0.6114238532673879
24 29 0.6515709919168404
24 30 0.7007301922314234
24 31 0.7712462277941745
24 32 0.8339200946512754
24 33 0.886777042327606
24 34 0.948554367888945
24 35 0.9702406928220706
24 36 1.0797865151178376
24 37 1.1381205379748065
24 38 1.200397975172502
24 39 1.272381345951336
24 40 1.2914337157446618
25 0 1.1264621740535014e-09
25 1 2.191236779813204e-06
25 2 4.418179391674011e-09
25 3 8.788241523513503e-06
25 4 2.5058512166040983e-08
25 5 7.946111263263832e-06
25 6 5.907096022752751e-05
25 7 8.575210601347374e-05
25 8 0.00012309052401481837
25 9 0.00037599175849340095
25 10 0.0009055594064964457
25 11 0.0016076412084618057
25 12 0.002794899506337416
25 13 0.005607279726269693
25 14 0.00993450267712808
25 15 0.019801606467668285
25 16 0.029503210092402372
25 17 0.04023944585311096
25 18 0.050429003417968396
25 19 0.06623365448882355
25 20 0.08039812798258145
25 21 0.10135088309736863
25 22 0.12520082643479027
25 23 0.15072863893169888
25 24 0.18254038422012345
25 25 0.23862060168877905
25 26 0.3519348275379128
25 27 0.566116466394668
25 28 0.5991449765601305
25 29 0.6684848025332063
25 30 0.7163915385196514
25 31 0.755972558784123
25 32 0.8400158138485434
25 33 0.8770300446521274
25 34 0.9435516180927447
25 35 0.9960901511521655
25 36 1.061454036497295
25 37 1.1051436616020878
25 38 1.1717849729346654
25 39 1.2439942965924755
25 40 1.2793484809195859
26 0 5.443950270502332e-10
26 1 4.733652390690449e-09
26 2 4.555974816527908e-06
26 3 4.847402380711543e-09
26 4 3.638315902290643e-06
26 5 1.6175344829717704e-05
26 6 3.3232712302045685e-05
26 7 9.367202383946489e-05
26 8 0.00015023055926388992
26 9 0.0003504361889170984
26 10 0.0005183585811609555
26 11 0.001331838073248174
26 12 0.002478938702654538
26 13 0.004212230135784068
26 14 0.00765736496558159
26 15 0.0164561435964851
26 16 0.02634627437674534
26 17 0.038021506986264095
26 18 0.04972685115188542
26 19 0.06443385591212417
26 20 0.0775498187429549
26 21 0.09972608130280797
26 22 0.11990204319841452
26 23 0.14648231477257492
26 24 0.1764246318956757
26 25 0.23125605788380862
26 26 0.32848260830555387
26 27 0.5607693692922487
26 28 0.6062460265817798
26 29 0.672751997243074
26 30 0.7183807689716533
26 31 0.7708848549762741
26 32 0.823367851998474
26 33 0.8651194854054564
26 34 0.9244922029471256
26 35 1.0089303944311558
26 36 1.048992555072158
26 37 1.1555067240742027
26 38 1.215249714908223
26 39 1.2516096136178574
26 40 1.3264707958043576
27 0 5.992691184238308e-10
27 1 1.3881638762146656e-09
27 2 3.681196845606776e-06
27 3 8.800100328245397e-09
27 4 1.3512059292687764e-08
27 5 1.1167730205640536e-06
27 6 2.0138636377133694e-05
27 7 4.266663786254873e-05
27 8 7.39716107268214e-05
27 9 0.00015785082756387977
27 10 0.0004405115116584482
27 11 0.0010371366615013105
27 12 0.0017650529739665693
27 13 0.003883756576102816
27 14 0.006679812447241505
27 15 0.012982920006731215
27 16 0.02373846710094622
27 17 0.035466982427390555
27 18 0.04874521776665068
27 19 0.062039514760846
27 20 0.07901375166842674
27 21 0.09482723200037252
27 22 0.120798375549061
27 23 0.14218855451206008
27 24 0.17690489308141533
27 25 0.21668669105469077
27 26 0.30722615269761905
27 27 0.5472116105807663
27 28 0.6041954491358116
27 29 0.6592147040317899
27 30 0.7077128703189279
27 31 0.7391413389421183
27 32 0.8431222415428572
27 33 0.8859589960804837
27 34 0.9465977402445007
27 35 0.9662143581395916
27 36 1.0897410959960572
27 37 1.151412422865176
27 38 1.1792310789307165
27 39 1.2307738934076127
27 40 1.3135379422283795
28 0 8.375131303068604e-10
28 1 1.934556617122124e-09
28 2 2.415710134036008e-09
28 3 5.3155639184887285e-09
28 4 5.639500719426158e-08
28 5 1.6917875982910714e-05
28 6 8.276220150994699e-06
28 7 1.4713765719499417e-05
28 8 0.00011933253420681591
28 9 0.00016217287241533044
28 10 0.00029188919993955676
28 11 0.0007997856043883467
28 12 0.0011782159880792437
28 13 0.002933140668978498
28 14 0.005208078263369893
28 15 0.009604386935521176
28 16 0.018712739550959305
28 17 0.032772743560901915
28 18 0.04612469306598573
28 19 0.05969596341008782
28 20 0.07778308271298374
28 21 0.08960148876330946
28 22 0.11869234190602888
28 23 0.14006931070094755
28 24 0.17489737190440852
28 25 0.2166004379830983
28 26 0.2991698219297785
28 27 0.5571098675296563
28 28 0.6120889035339786
28 29 0.6530828867611773
28 30 0.7247464771364653
28 31 0.7621857296304811
28 32 0.8143373765440969
28 33 0.8945571989990029
28 34 0.9513881731031785
28 35 0.994978512330367
28 36 1.0570325581501239
28 37 1.125301670859242
28 38 1.1964449475906511
28 39 1.238592202589749
28 40 1.2776098690808164
29 0 9.201170829890653e-10
29 1 1.4472978175289091e-09
29 2 2.251083587777004e-09
29 3 3.2207905552708137e-09
29 4 3.7697756431818073e-06
29 5 1.9145285015109824e-05
29 6 3.20279665740619e-05
29 7 1.917193335522724e-05
29 8 5.513890441757191e-05
29 9 0.00015105691739356113
29 10 0.00022496981933878266
29 11 0.0006217839063370839
29 12 0.0013015963287637106
29 13 0.0017837117100776062
29 14 0.004034066182778194
29 15 0.007576333231813706
29 16 0.014566400868989953
29 17 0.029181911634539842
29 18 0.04331806943635923
29 19 0.05580469067653062
29 20 0.0725808697341333
29 21 0.09026120394167245
29 22 0.11328367145866164
29 23 0.1377758482773949
29 24 0.16715106799703425
29 25 0.21553622692864605
29 26 0.2836079611051751
29 27 0.4877200822071041
29 28 0.6107893724914983
29 29 0.6537303408218351
29 30 0.7046845748503912
29 31 0.7530261824823927
29 32 0.820293219118789
29 33 0.8748900265289019
29 34 0.908176024961353
29 35 0.955009977076189
29 36 1.0806729239079509
29 37 1.077114039877125
29 38 1.1969206945770792
29 39 1.2600229423693259
29 40 1.3468026345147142
30 0 7.617205908420192e-10
30 1 1.1076499439003077e-09
30 2 2.0258498456900597e-09
30 3 6.773929207988794e-09
30 4 2.039890217934468e-08
30 5 1.6696841661315074e-08
30 6 5.5952253494481895e-06
30 7 2.0889835039530692e-05
30 8 8.239876473865415e-05
30 9 0.00011234501689975664
30 10 0.000387177759394275
30 11 0.00043495782800519997
30 12 0.0007170031774467256
30 13 0.001779397963700707
30 14 0.002950376487148904
30 15 0.006369434939626068
30 16 0.012221076664103603
30 17 0.02187532475613213
30 18 0.03775412756372941
30 19 0.05335076037803216
30 20 0.07220843671643078
30 21 0.08689174159187392
30 22 0.10854445645541491
30 23 0.13556827320861592
30 24 0.1653643113143692
30 25 0.20451188338199924
30 26 0.2710966700684097
30 27 0.4335188432648997
30 28 0.5951788989977085
30 29 0.660735161546256
30 30 0.7126716425964709
30 31 0.7710651564500612
30 32 0.8209704454983372
30 33 0.8892144434625505
30 34 0.9227231365378394
30 35 0.9788421698712655
30 36 1.0242926068532479
30 37 1.1106359040806875
30 38 1.145293146344111
30 39 1.2368548850239616
30 40 1.2934985715643708
31 0 3.6488229243337217e-10
31 1 1.6008408732123677e-09
31 2 2.38342505418978e-09
31 3 5.741654864232708e-09
31 4 7.695400177081549e-09
31 5 3.750528273859599e-06
31 6 2.0601691964762314e-08
31 7 3.189417459686002e-05
31 8 1.50909649764521e-05
31 9 8.954752231872298e-05
31 10 0.0001614794430160522
31 11 0.00037156102322154574
31 12 0.0007079776000202277
31 13 0.0014134645684635298
31 14 0.0025926139650122664
31 15 0.004880971292874343
31 16 0.00866705916225738
31 17 0.017350682565960823
31 18 0.032573696072946225
31 19 0.0505829371835779
31 20 0.06816048784853579
31 21 0.08734834275739675
31 22 0.10737568075423642
31 23 0.13396195777761147
31 24 0.1643832807248962
31 25 0.19845597628162873
31 26 0.2730477939494126
31 27 0.3958192552614344
31 28 0.6148215661227622
31 29 0.6465390559706653
31 30 0.7198289799584814
31 31 0.7583017396972116
31 32 0.8181384582884972
31 33 0.8695203832747078
31 34 0.9355064462023007
31 35 0.9928344015385377
31 36 1.0806463032673281
31 37 1.1082536735727404
31 38 1.1907279991870379
31 39 1.2958469373380455
31 40 1.3239822179223706
32 0 5.559805421545226e-10
32 1 9.073483000188903e-10
32 2 1.4308218180732896e-09
32 3 3.958282057124287e-09
32 4 6.511420519506526e-09
32 5 1.3061805977250112e-08
32 6 1.7939500674719412e-05
32 7 1.2795558449403352e-05
32 8 2.9752684386649253e-05
32 9 8.332088014912426e-05
32 10 0.00014115346524037523
32 11 0.0002924469886989351
32 12 0.0004289805899960675
32 13 0.001092712462161846
32 14 0.0020728003604550287
32 15 0.003972470925511238
32 16 0.00714339878270966
32 17 0.012944437214042833
32 18 0.02485945236320299
32 19 0.04480354318951832
32 20 0.06375502403560307
32 21 0.08433507023462798
32 22 0.10368389322747128
32 23 0.13377535335703988
32 24 0.1620161021274769
32 25 0.19617544434229875
32 26 0.26160899910929
32 27 0.3732811875625303
32 28 0.5879142153738951
32 29 0.6734127915150762
32 30 0.7112954553173085
32 31 0.7985194777001189
32 32 0.8115282807352241
32 33 0.8828485353187336
32 34 0.9336524459518077
32 35 0.9951449571614814
32 36 1.0457754681946438
32 37 1.1250278394119373
32 38 1.1978363740784674
32 39 1.2367172530723565
32 40 1.2997704894604063
33 0 5.01624405608926e-10
33 1 8.217024228615456e-10
33 2 1.2912894818543753e-09
33 3 2.9934484959804136e-09
33 4 5.3194938455808014e-09
33 5 1.1508137294627757e-08
33 6 2.7600865505539263e-08
33 7 1.4176642116153368e-05
33 8 1.7558504072074297e-05
33 9 1.8540009496802984e-05
33 10 0.00010468082490267669
33 11 0.00011820648560675222
33 12 0.0004837841133557616
33 13 0.0009159562341362048
33 14 0.0018671712508572305
33 15 0.0033123564441562463
33 16 0.005865997120704937
33 17 0.011738352609968528
33 18 0.02097514852365302
33 19 0.038284883871341574
33 20 0.0612984247675318
33 21 0.08017504693663287
33 22 0.10084110644681503
33 23 0.1260020492153952
33 24 0.15258522080303286
33 25 0.19236998987641568
33 26 0.2516140806376192
33 27 0.3470970438873105
33 28 0.6087351010992891
33 29 0.654056638079908
33 30 0.6993256317387233
33 31 0.7563999474664461
33 32 0.8169228735753502
33 33 0.8762610320190873
33 34 0.9282467287287476
33 35 1.029616682497017
33 36 1.0608989636562147
33 37 1.1306348498207914
33 38 1.2085150509985516
33 39 1.2604996056781712
33 40 1.308092775370262
34 0 3.244211238113729e-10
34 1 7.618574425262181e-10
34 2 1.3312221517292043e-09
34 3 2.9102896697789573e-09
34 4 7.48168083129906e-09
34 5 9.578013262547665e-09
34 6 2.2096726617283815e-08
34 7 4.8159173567520135e-08
34 8 2.7309677724406467e-05
34 9 5.918277220626505e-05
34 10 2.925785857588064e-05
34 11 0.00014765449730601084
34 12 0.0002392514211481771
34 13 0.0006885898531141873
34 14 0.0013266633489621188
34 15 0.0026756301659717737
34 16 0.005056817783088622
34 17 0.008643478250582586
34 18 0.015144980992731686
34 19 0.03126218594383805
34 20 0.05244017440094831
34 21 0.07613195860914032
34 22 0.09678731997964439
34 23 0.12307004133879824
34 24 0.15156611880242776
34 25 0.1842234100420218
34 26 0.24108552489620474
34 27 0.32870106870612803
34 28 0.632622851045772
34 29 0.6592881622114206
34 30 0.7095848006979107
34 31 0.7882016257566559
34 32 0.8169835410125599
34 33 0.8522164329703641
34 34 0.9347123078255025
34 35 0.9711395384391115
34 36 1.0184597692515711
34 37 1.1186432113079359
34 38 1.20234069800887
34 39 1.259478778621034
34 40 1.3271210715523236
35 0 3.260109413981381e-10
35 1 7.276407694298486e-10
35 2 1.556270482070386e-09
35 3 2.6293136015726873e-09
35 4 1.291882713103318e-07
35 5 8.352412382595422e-06
35 6 2.051328351285514e-08
35 7 3.743809493170649e-08
35 8 3.098092125485439e-05
35 9 4.4142491132900255e-06
35 10 8.872906490676373e-05
35 11 4.1390422114399866e-05
35 12 0.0002567141925762185
35 13 0.0004601338779366853
35 14 0.0010122296453769957
35 15 0.0019477496340240973
35 16 0.003190651298781658
35 17 0.007186921027144202
35 18 0.01203576870785842
35 19 0.023415539364087586
35 20 0.04762890936896601
35 21 0.06893866642109067
35 22 0.09102600588189985
35 23 0.11590047320315292
35 24 0.14629722604218592
35 25 0.18242587252288794
35 26 0.23636837415611622
35 27 0.30653343808767625
35 28 0.592175104496303
35 29 0.6717197112170333
35 30 0.6920260268614874
35 31 0.7716346032490513
35 32 0.8156177804815099
35 33 0.8591137626602054
35 34 0.9530975295797344
35 35 0.9946778607990127
35 36 1.0721722590414533
35 37 1.1359545235941015
35 38 1.171812784999035
35 39 1.2359762534644403
35 40 1.281998388855271
36 0 3.938260420395311e-10
36 1 1.1597054746076692e-09
36 2 1.3236129962572866e-09
36 3 2.7950838697639457e-09
36 4 4.4254558060879985e-09
36 5 1.0109387044777373e-08
36 6 2.3214847125637718e-08
36 7 4.7697549094032436e-08
36 8 7.049321470419265e-08
36 9 4.161386140650111e-05
36 10 0.00010615226426181525
36 11 0.00020073703824542442
36 12 0.0001996517676103618
36 13 0.00035647607987535215
36 14 0.000761102032431694
36 15 0.0016036325037319778
36 16 0.0028651151420060863
36 17 0.005372885475016966
36 18 0.010697915477703221
36 19 0.019849038170689677
36 20 0.03714877134846924
36 21 0.064070621851393
36 22 0.08949877211052781
36 23 0.11641096996744436
36 24 0.14120584923465684
36 25 0.1751050972484274
36 26 0.23309828239406682
36 27 0.3030052413345435
36 28 0.519372261072527
36 29 0.6728257271094922
36 30 0.7020097703717578
36 31 0.7595316267614075
36 32 0.8312727692424643
36 33 0.8903825882149946
36 34 0.9519017013471536
36 35 1.012061639681402
36 36 1.0547148919996534
36 37 1.1203045755094985
36 38 1.1752136860899474
36 39 1.2709479441828295
36 40 1.2809873368824543
37 0 5.355248373005833e-10
37 1 9.455582294286349e-10
37 2 1.680402241232368e-09
37 3 3.0825648433167095e-09
37 4 4.900636542682286e-09
37 5 8.207588346987799e-09
37 6 2.0500910913049905e-08
37 7 5.442959863921233e-08
37 8 1.7252481068443534e-05
37 9 4.4522412945267484e-05
37 10 1.977675876577122e-07
37 11 7.042297457996833e-05
37 12 0.00015406108174118035
37 13 0.00038133766435869066
37 14 0.00047480607930416933
37 15 0.0011124949604435343
37 16 0.002795506313453017
37 17 0.004769901319797168
37 18 0.008580472201953989
37 19 0.017038593912995927
37 20 0.03239338912820186
37 21 0.060134984141507745
37 22 0.08359775551600761
37 23 0.11209990411023942
37 24 0.14191426135383936
37 25 0.17493311270790662
37 26 0.22133800881064677
37 27 0.28857604282891625
37 28 0.4701473245987616
37 29 0.6610198705533231
37 30 0.7079005410100531
37 31 0.7498511694991641
37 32 0.8041154780535725
37 33 0.9131206118271527
37 34 0.9139818392347665
37 35 0.9790173366010491
37 36 1.0619525721485281
37 37 1.1045550694734392
37 38 1.224250987024104
37 39 1.2731331616510781
37 40 1.3368751835804757
38 0 4.858169301604546e-10
38 1 9.589266401083245e-10
38 2 1.8052650692934482e-09
38 3 2.430782187247765e-09
38 4 5.729808783541795e-09
38 5 7.657406053309235e-09
38 6 1.5106973231391887e-08
38 7 3.506700886932446e-08
38 8 1.3197613199806076e-05
38 9 3.583805994581033e-05
38 10 4.223533546036504e-05
38 11 6.161589256893428e-05
38 12 0.00020174649720772423
38 13 0.00024539073630802394
38 14 0.0004277932772081838
38 15 0.0009327918823858584
38 16 0.0018200086240909485
38 17 0.003947831145164769
38 18 0.008446718441920674
38 19 0.0167013413820282
38 20 0.029582124156094694
38 21 0.05591179345935233
38 22 0.08279937603292133
38 23 0.10687327825733989
38 24 0.13769208246175813
38 25 0.16884404942809614
38 26 0.22442472167990654
38 27 0.280421424972137
38 28 0.4242543943413504
38 29 0.6508645637972773
38 30 0.7164464893375229
38 31 0.754313914032542
38 32 0.812497756914306
38 33 0.8827807970259895
38 34 0.929268036804004
38 35 0.9625742473147672
38 36 1.0497740039091157
38 37 1.077238910588039
38 38 1.1821679948934511
38 39 1.253890461199645
38 40 1.3434397131608322
39 0 6.759968487279069e-10
39 1 1.1564660529241387e-09
39 2 2.4499247824405186e-09
39 3 2.8361689653162712e-09
39 4 4.743839440294246e-09
39 5 7.550164839333916e-09
39 6 1.9616225201562886e-08
39 7 4.771114354802455e-08
39 8 9.387145172962746e-08
39 9 3.2360580633676855e-07
39 10 5.225638664043162e-06
39 11 4.807064294779137e-05
39 12 7.166716422170651e-05
39 13 0.0001561883309116663
39 14 0.0003722488690909283
39 15 0.0009143043211283793
39 16 0.0022280569463024444
39 17 0.0037446655474932754
39 18 0.007569209273368142
39 19 0.013879128279787352
39 20 0.02529338263324703
39 21 0.050884943169083666
39 22 0.08013679636130705
39 23 0.10787358399731004
39 24 0.1338357871397631
39 25 0.16670560120049224
39 26 0.20447924735493217
39 27 0.2708739451025764
39 28 0.3990640184070655
39 29 0.6599708179362717
39 30 0.7143672236304006
39 31 0.757780945713388
39 32 0.8313667718031517
39 33 0.8621927287755335
39 34 0.9423952511620785
39 35 0.9991615717893428
39 36 1.0690318034539297
39 37 1.130929308480333
39 38 1.1456606947402894
39 39 1.2608956211672278
39 40 1.3371999213715162
40 0 6.152029222834787e-10
40 1 1.3434628092939363e-09
40 2 1.9845878995744005e-09
40 3 3.064478000936053e-09
40 4 3.8195113774114505e-09
40 5 7.560450631061673e-09
40 6 1.801197225121096e-08
40 7 3.859667820773863e-08
40 8 7.253037655391339e-08
40 9 2.3249187531302575e-07
40 10 2.8792317749973793e-07
40 11 3.433416616477674e-05
40 12 4.5229972889178267e-05
40 13 0.0002160414044614605
40 14 0.0004338590924103006
40 15 0.0006881817953953844
40 16 0.0013847534969987254
40 17 0.003183895770928371
40 18 0.006257165426094024
40 19 0.012766715114648131
40 20 0.025545981399774407
40 21 0.04669240368775951
40 22 0.07705132258935374
40 23 0.1016861022217763
40 24 0.1337480635437811
40 25 0.16789769370535837
40 26 0.20864588983097587
40 27 0.26271482680707425
40 28 0.37702030388529484
40 29 0.6463917641366472
40 30 0.7164544491465257
40 31 0.7504068252737232
40 32 0.8060576554932602
40 33 0.9068661018502698
40 34 0.9389748384340155
40 35 1.0001760472401375
40 36 1.0830128846202445
40 37 1.1666766723723936
40 38 1.1897940824724969
40 39 1.2680513650162046
40 40 1.3263449003182302
41 0 7.241066103040304e-10
41 1 1.6211126221336258e-09
41 2 2.1357728130928216e-09
41 3 3.566274888113317e-09
41 4 4.376383247322948e-09
41 5 7.395899915869556e-09
41 6 1.8825822448738106e-08
41 7 6.662116511827639e-08
41 8 1.1324514416522222e-07
41 9 3.6188019897334714e-07
41 10 4.290732896020824e-07
41 11 3.93743419465784e-05
41 12 7.796052646926194e-05
41 13 0.0003230229103044553
41 14 0.000449116502882882
41 15 0.0007020637256960372
41 16 0.001326824131257338
41 17 0.0037167385773190184
41 18 0.006124647580433266
41 19 0.012844931974571478
41 20 0.02248664631094545
41 21 0.04358750755341488
41 22 0.07267958877604425
41 23 0.09962434446632121
41 24 0.1263703104256872
41 25 0.16292681092753108
41 26 0.2081234922085811
41 27 0.2514090448167297
41 28 0.36286207296528655
41 29 0.6513032556095789
41 30 0.7103459326251488
41 31 0.7528135188427731
41 32 0.804264905235925
41 33 0.8815463521773635
41 34 0.9312275546416772
41 35 0.9982337089298803
41 36 1.0583788693668257
41 37 1.1339529873165728
41 38 1.1954980170144027
41 39 1.2467485933816445
41 40 1.2588913549162488
42 0 9.308113664813758e-10
42 1 1.806296834696236e-09
42 2 2.523918493701219e-09
42 3 3.4496067883336e-09
42 4 4.577175106827732e-09
42 5 8.635723049866077e-09
42 6 1.617163870332185e-08
42 7 4.144402589918334e-08
42 8 6.704680402065525e-08
42 9 2.74591542802411e-07
42 10 5.254253980012663e-07
42 11 1.1496028735384285e-06
42 12 0.00011501949111281267
42 13 6.638841072618748e-05
42 14 0.0004379676188899628
42 15 0.0006322708262353133
42 16 0.0014163898896998334
42 17 0.003668623149718233
42 18 0.0056876840225002475
42 19 0.01159505203048033
42 20 0.02324967237022666
42 21 0.044752234516203096
42 22 0.07190338960455396
42 23 0.0992658635658141
42 24 0.12562302742333992
42 25 0.15936133633382654
42 26 0.2012246086583822
42 27 0.25456398692933885
42 28 0.3579807620565216
42 29 0.6681702141447462
42 30 0.7011291281687813
42 31 0.7751102140048608
42 32 0.8156196819402086
42 33 0.8912980116682132
42 34 0.9541157145204157
42 35 1.003215886922624
42 36 1.072496068658001
42 37 1.113289594288796
42 38 1.1891516903063823
42 39 1.2237540207373916
42 40 1.3116549548412038
43 0 1.073864327547297e-09
43 1 2.1283772089744427e-09
43 2 3.160802193154115e-09
43 3 4.042114980173799e-09
43 4 7.781504811708918e-09
43 5 9.503900372586973e-09
43 6 2.302113684766025e-08
43 7 1.7947086945530602e-05
43 8 1.3373730163100014e-07
43 9 3.3005301211546747e-07
43 10 9.050885931828366e-07
43 11 8.890016466661261e-07
43 12 0.00011963686282496696
43 13 0.00013291325252233835
43 14 0.0002650130487418942
43 15 0.000559640378065756
43 16 0.0016995483677085864
43 17 0.0026105004242321338
43 18 0.0056455452065451855
43 19 0.012039356446822703
43 20 0.0214557120960828
43 21 0.042281327100248185
43 22 0.07446595188181468
43 23 0.09942134922411634
43 24 0.1299376058412472
43 25 0.1594903755488511
43 26 0.18917667478673958
43 27 0.2521222135279109
43 28 0.3299790551803155
43 29 0.6672268506530716
43 30 0.7115539528046136
43 31 0.7480617154788605
43 32 0.8258165237676092
43 33 0.8381188879114745
43 34 0.9118738430722902
43 35 0.9941058571663584
43 36 1.0735360937145364
43 37 1.1157688180239036
43 38 1.1701207711265968
43 39 1.244392145790366
43 40 1.3002089705626907
44 0 1.2179421483026875e-09
44 1 3.0230272164995694e-09
44 2 3.5851116440631543e-09
44 3 4.269699182201343e-09
44 4 6.993731586499231e-09
44 5 1.0233977267367899e-08
44 6 2.0060144270108853e-08
44 7 5.8600340705058894e-08
44 8 7.885464601876099e-08
44 9 5.617393716425724e-07
44 10 1.4348123721594982e-06
44 11 4.131825634140513e-05
44 12 7.333580504509637e-05
44 13 0.00025863533408907374
44 14 0.00019403670720817573
44 15 0.0005517429555981393
44 16 0.0015243829517192218
44 17 0.00302079647563872
44 18 0.005576286231690818
44 19 0.010106197680231974
44 20 0.02112129758234587
44 21 0.04126831491675027
44 22 0.0712317158790145
44 23 0.0952719561012277
44 24 0.1262589680580784
44 25 0.15856013389192208
44 26 0.19661163490264658
44 27 0.25338014140732046
44 28 0.33364058675357683
44 29 0.6675726468905824
44 30 0.722605439828381
44 31 0.7923237092894125
44 32 0.8482685937776563
44 33 0.8923350857469301
44 34 0.9423364172449926
44 35 1.0038923422830826
44 36 1.0363362434755057
44 37 1.1384288174892416
44 38 1.1762783973223052
44 39 1.2625631642608122
44 40 1.3178551034568573
45 0 1.4871294715302514e-09
45 1 2.924095096709318e-09
45 2 3.9088568004501404e-09
45 3 7.556055220202872e-09
45 4 6.098480579397363e-09
45 5 1.2098964488383401e-08
45 6 1.7275979179591008e-08
45 7 5.246886825210301e-08
45 8 6.497754034050886e-08
45 9 2.3601622731032942e-05
45 10 1.194271346478668e-06
45 11 5.957290643745882e-06
45 12 3.212478688834779e-05
45 13 0.00020651024537693657
45 14 0.00021849851106756332
45 15 0.0005792833835607603
45 16 0.0014766803912619009
45 17 0.0024193206373127104
45 18 0.0052178557252835715
45 19 0.011351274584048806
45 20 0.021719573450320363
45 21 0.041640025830754504
45 22 0.07100316377120466
45 23 0.09435253284819589
45 24 0.1256570794878581
45 25 0.15605310839716827
45 26 0.18982221935839214
45 27 0.24268876011763832
45 28 0.3313336250158278
45 29 0.6514177696389865
45 30 0.7168047826014652
45 31 0.7567783042998617
45 32 0.8186745646461472
45 33 0.880746812443635
45 34 0.9238777712534302
45 35 1.0107747146237522
45 36 1.037846600084416
45 37 1.157632432158223
45 38 1.1925887833813216
45 39 1.295892660057636
45 40 1.321095012433569
46 0 1.6138447480004087e-09
46 1 3.6653951144455822e-09
46 2 4.198099987977722e-09
46 3 5.530370516962153e-09
46 4 7.016193932450857e-09
46 5 1.1983312802041825e-08
46 6 3.2751015323601395e-08
46 7 4.003876909174959e-08
46 8 6.669159314573986e-08
46 9 1.160115595637949e-07
46 10 1.0830375763893685e-06
46 11 3.010961287602696e-05
46 12 4.7390880636366115e-05
46 13 0.00011324045375663945
46 14 0.0002867101916055012
46 15 0.0006445302449341661
46 16 0.0013789925174948884
46 17 0.0032838392771648876
46 18 0.005801371644250129
46 19 0.010934744470994658
46 20 0.021538810654403724
46 21 0.04157453470837962
46 22 0.07145997731674632
46 23 0.09705220908565666
46 24 0.12351283544274806
46 25 0.15719745072238944
46 26 0.19473009718657655
46 27 0.23231071919989668
46 28 0.3287104125034824
46 29 0.6547950712997276
46 30 0.689187610063711
46 31 0.7520735593606734
46 32 0.8192878484834042
46 33 0.9000558692149859
46 34 0.9106151640173915
46 35 1.007616674921121
46 36 1.054215097803861
46 37 1.1451951031171117
46 38 1.1818037691317076
46 39 1.210188268537774
46 40 1.3030034719749193
47 0 1.8335382665870298e-09
47 1 3.924622181941092e-09
47 2 5.125271173612334e-09
47 3 9.74463556113215e-09
47 4 7.33584635052768e-09
47 5 1.3238393857745385e-08
47 6 2.243500341221748e-08
47 7 3.91076363619037e-08
47 8 1.6490768277080755e-07
47 9 3.5481684677793485e-07
47 10 3.649033915325963e-07
47 11 1.871617093136842e-05
47 12 3.454186115642671e-05
47 13 0.00019634850711500193
47 14 0.0003284059399189842
47 15 0.0007259601003183093
47 16 0.0010703978068346825
47 17 0.0033105080209227863
47 18 0.005867709898946188
47 19 0.012259312516875856
47 20 0.022273119623080814
47 21 0.043947435752359994
47 22 0.07106564592975433
47 23 0.0924430282120846
47 24 0.12719708283100684
47 25 0.1566208817098111
47 26 0.19063598052958236
47 27 0.23559243437248942
47 28 0.32171441791617583
47 29 0.6495571082693069
47 30 0.7050135713978607
47 31 0.750732639125187
47 32 0.8241626374196
47 33 0.8874974828532933
47 34 0.9300974455550153
47 35 0.9789177534117083
47 36 1.065534911360879
47 37 1.1298551880706214
47 38 1.194910214063319
47 39 1.2978706144916288
47 40 1.3108607756225457
48 0 2.204744626767684e-09
48 1 4.4697948867369294e-09
48 2 5.798143907699637e-09
48 3 6.5759093350583046e-09
48 4 8.68434326298104e-09
48 5 1.3155405917253624e-08
48 6 8.781949473186311e-08
48 7 3.5934719657757086e-08
48 8 9.790965363983264e-08
48 9 2.2755961632685987e-07
48 10 4.6168828651547527e-07
48 11 5.237395964463614e-06
48 12 0.0001443342548869646
48 13 0.00018628603766288954
48 14 0.00031012252344817784
48 15 0.000670460134502909
48 16 0.0017030563991789044
48 17 0.00368466032008742
48 18 0.006215407666216204
48 19 0.01334020328792826
48 20 0.023473442549734682
48 21 0.04467679431228526
48 22 0.07213042974023823
48 23 0.09721190231998239
48 24 0.12886152076918428
48 25 0.1540376437018264
48 26 0.19081577799525173
48 27 0.23726011567404204
48 28 0.3329594240343825
48 29 0.6183854216409831
48 30 0.7040823450065029
48 31 0.7609701330458758
48 32 0.8509826605412021
48 33 0.8865983613030385
48 34 0.9288941093579266
48 35 1.008339628589033
48 36 1.0555969414589792
48 37 1.1188132594463343
48 38 1.1715218718217242
48 39 1.2311934524092283
48 40 1.309218441765647
49 0 2.3634605011436105e-09
49 1 5.0800710977962305e-09
49 2 6.584092579997957e-09
49 3 7.342168493109509e-09
49 4 9.376889782113061e-09
49 5 1.518388997839321e-08
49 6 2.4178801051688843e-08
49 7 4.6697320667134135e-08
49 8 6.241927555330707e-08
49 9 2.2798938852947778e-07
49 10 5.083521226067199e-07
49 11 5.365563851496077e-05
49 12 0.00011161079776540468
49 13 0.00022763000209185283
49 14 0.0005663668513194076
49 15 0.0010579469858002129
49 16 0.0014346707138579821
49 17 0.0031596432485600312
49 18 0.005793350486743903
49 19 0.013078467887819398
49 20 0.024388000846848428
49 21 0.04671219056822359
49 22 0.07416304274044906
49 23 0.09754933379019526
49 24 0.12936848439275012
49 25 0.15497906670295888
49 26 0.19091216409484174
49 27 0.24119392014052746
49 28 0.340960373058308
49 29 0.6121826405667098
49 30 0.7053289821789843
49 31 0.7670202036778058
49 32 0.8029150312649602
49 33 0.8737712925047035
49 34 0.9344960771734073
49 35 0.9855508780128808
49 36 1.068703845190503
49 37 1.143837408103849
49 38 1.1540204258295028
49 39 1.2658555051366687
49 40 1.2670317704553418
50 0 2.843958128650625e-09
50 1 5.718655783008061e-09
50 2 7.37076601458921e-09
50 3 8.010051468029688e-09
50 4 1.0650043589228783e-08
50 5 1.909168372610476e-08
50 6 2.4227520593011892e-08
50 7 3.709489214199128e-08
50 8 1.3554251987448882e-07
50 9 1.0100338888874512e-07
50 10 6.483716930035177e-07
50 11 1.907347325980465e-05
50 12 0.00017858468855973554
50 13 0.00021174919113761063
50 14 0.00048027848527199647
50 15 0.0009802444988075217
50 16 0.001854134315784985
50 17 0.0034647618205187044
50 18 0.007289660949279961
50 19 0.012795132489490083
50 20 0.025931161011691576
50 21 0.04777305136188141
50 22 0.07611679054348593
50 23 0.1006077273804422
50 24 0.1291645411840931
50 25 0.15511496006786815
50 26 0.19466267171742846
50 27 0.2475161027650849
50 28 0.33363312021413344
50 29 0.6132479103793512
50 30 0.7174699737924876
50 31 0.7701983315236414
50 32 0.8351485544317264
50 33 0.8826013289676629
50 34 0.97001632070249
50 35 0.9379485458341482
50 36 1.0716646291679714
50 37 1.1165703700023444
50 38 1.1925839646292187
50 39 1.2719033248500848
50 40 1.287170424891193
51 0 3.1488015939544473e-09
51 1 6.353136889460147e-09
51 2 7.857205744182178e-09
51 3 9.0098948831248e-09
51 4 1.2551516187725333e-08
51 5 1.3639091209485469e-08
51 6 2.7772249627351106e-08
51 7 6.871575561235157e-08
51 8 7.390100681077498e-08
51 9 2.382508359899086e-07
51 10 1.904993327179992e-05
51 11 5.3918386500161995e-05
51 12 5.0161084968562774e-05
51 13 0.00028476809869887613
51 14 0.000629010656753643
51 15 0.0010006646841204973
51 16 0.0023583068181338386
51 17 0.004633508865761438
51 18 0.008457017076457468
51 19 0.014774699657083678
51 20 0.027488091543859856
51 21 0.05137017366123398
51 22 0.08019855678895225
51 23 0.10307248591474218
51 24 0.12596854393221332
51 25 0.15839300367566933
51 26 0.19369574544593485
51 27 0.2497268587918125
51 28 0.3442794509495429
51 29 0.6312564303188459
51 30 0.7139284938385007
51 31 0.7590443565400634
51 32 0.8312498690569619
51 33 0.8786228337004391
51 34 0.941049149000967
51 35 0.9881326498382071
51 36 1.0575484550340133
51 37 1.1160181797345536
51 38 1.2244177131719638
51 39 1.256154344901078
51 40 1.3540337161125438
52 0 3.547237570980693e-09
52 1 7.3930749165861015e-09
52 2 9.145711512487296e-09
52 3 9.780040647005988e-09
52 4 1.2181385560257802e-08
52 5 1.609166262314441e-08
52 6 3.5043683288798624e-08
52 7 3.4044149005776296e-08
52 8 6.022784324099693e-08
52 9 1.4681705903230998e-07
52 10 1.6422272636614842e-05
52 11 9.869072041293877e-05
52 12 0.0002222545865152069
52 13 0.00043422611602442267
52 14 0.0005345987255526373
52 15 0.0012889824156663086
52 16 0.0023827736647092077
52 17 0.004859392999189674
52 18 0.009794525563109108
52 19 0.015982483275334667
52 20 0.032537907429270034
52 21 0.056960533011430094
52 22 0.08030910495281066
52 23 0.10823907068363303
52 24 0.12907413492731698
52 25 0.15819647590475794
52 26 0.19328906492508924
52 27 0.25429273169631816
52 28 0.362248155484183
52 29 0.6429010480059116
52 30 0.7105846839597492
52 31 0.7668163268092437
52 32 0.8249932506191581
52 33 0.8945335088520947
52 34 0.9472498524310439
52 35 0.992634042452101
52 36 1.0537928549585627
52 37 1.1464861223047587
52 38 1.1512060247750593
52 39 1.2813837771853627
52 40 1.310836076597663
53 0 3.969387815770956e-09
53 1 8.132796282967637e-09
53 2 9.79065235713254e-09
53 3 1.0593010183253511e-08
53 4 1.2397752113907045e-08
53 5 1.7259229820369322e-08
53 6 2.6294853988115176e-08
53 7 3.6279071244321766e-08
53 8 3.1133778274680465e-06
53 9 2.707373681606848e-05
53 10 2.6662235926278776e-06
53 11 5.2916558743839925e-05
53 12 0.00014065009557864027
53 13 0.0002625860796123557
53 14 0.0007871624656798158
53 15 0.0015513104507325578
53 16 0.0030638312217097083
53 17 0.005966267994177896
53 18 0.010984204641613588
53 19 0.02025988858124101
53 20 0.03683168791101354
53 21 0.06318948540455288
53 22 0.08390634058021286
53 23 0.10431783911646852
53 24 0.13204666657129097
53 25 0.16297668005973223
53 26 0.2012829389928021
53 27 0.259496212834153
53 28 0.3657210496422514
53 29 0.6589097987898336
53 30 0.7095319420009351
53 31 0.7867031296551795
53 32 0.822835199144401
53 33 0.8971272613147525
53 34 0.9353501329424704
53 35 0.9911019972842862
53 36 1.0866831646939346
53 37 1.1105208497548573
53 38 1.1683236761983165
53 39 1.2740831004942157
53 40 1.3201998011497624
54 0 4.312993923986724e-09
54 1 9.253263857075355e-09
54 2 1.1267461112490474e-08
54 3 1.1847442373159216e-08
54 4 1.4018619177722584e-08
54 5 1.694595383304365e-08
54 6 2.7872583863669942e-08
54 7 5.630519695807565e-08
54 8 3.531194974657191e-07
54 9 3.41978970092176e-07
54 10 6.456187653988634e-05
54 11 0.00010320986704057196
54 12 0.00030597952268823905
54 13 0.0004081926331958015
54 14 0.0007938156285071574
54 15 0.002117716580084949
54 16 0.003433864570047946
54 17 0.00654370121366901
54 18 0.012940991753352825
54 19 0.025264616751289968
54 20 0.044481318836586466
54 21 0.06668673665105027
54 22 0.08432266565913421
54 23 0.10981074824094737
54 24 0.13099131481714693
54 25 0.1668178734531203
54 26 0.20423424016516006
54 27 0.26217726842262434
54 28 0.3708276423799398
54 29 0.6616113891937738
54 30 0.6947978215054785
54 31 0.7607816905540069
54 32 0.8489981373700626
54 33 0.8814021713598135
54 34 0.9426550746441986
54 35 0.9879814911284142
54 36 1.0624893413199552
54 37 1.0912132938260062
54 38 1.1914134916356323
54 39 1.2527753011128948
54 40 1.3263459428326385
55 0 4.832201133516116e-09
55 1 9.665475243340155e-09
55 2 1.2578807084298571e-08
55 3 1.366265133316076e-08
55 4 1.4692081646047305e-08
55 5 2.190080957140187e-08
55 6 3.095304067528332e-08
55 7 4.774108589761812e-08
55 8 7.304287305787272e-08
55 9 1.586356045757737e-05
55 10 9.158592516036582e-06
55 11 7.575354982876317e-05
55 12 0.00030141180502599754
55 13 0.00048481966248325705
55 14 0.001473753826469171
55 15 0.0024308486355369093
55 16 0.00503724861969995
55 17 0.008360601015613433
55 18 0.016297313338709502
55 19 0.03015899887288936
55 20 0.05150083209666304
55 21 0.07035917642640037
55 22 0.0915439575989628
55 23 0.11276208731138813
55 24 0.13688868801241946
55 25 0.17207994402183743
55 26 0.20445555722045589
55 27 0.27531754125032276
55 28 0.3917810119024632
55 29 0.6481970628668627
55 30 0.6980713275168793
55 31 0.7774208804516435
55 32 0.8069671438379874
55 33 0.8605989127427518
55 34 0.9489759137188969
55 35 1.0229979840438832
55 36 1.04849410149084
55 37 1.1403912304778028
55 38 1.2215358968742471
55 39 1.2436672262770778
55 40 1.3481665521675241
56 0 5.2681394252611705e-09
56 1 1.0890108241021101e-08
56 2 1.3586261294287377e-08
56 3 1.3922166049276159e-08
56 4 1.854892206820458e-08
56 5 1.8181580346609537e-08
56 6 3.521169248090982e-08
56 7 8.276848256298219e-06
56 8 1.2883228238081814e-05
56 9 5.545546350735497e-05
56 10 0.0001490943918184325
56 11 0.0001677783784911533
56 12 0.00027033374640215963
56 13 0.0006709564942294177
56 14 0.0015091293300084987
56 15 0.00294707353091913
56 16 0.00494717005286777
56 17 0.010208740400996785
56 18 0.018727535946755358
56 19 0.03586056442783829
56 20 0.054824380197934376
56 21 0.07343916112078955
56 22 0.09250891365201182
56 23 0.11533302510470153
56 24 0.14329181861004223
56 25 0.1686470503692509
56 26 0.2103336116266988
56 27 0.2713691053333489
56 28 0.4076536168024929
56 29 0.6649063005770239
56 30 0.7394033470814649
56 31 0.7562840563512652
56 32 0.8222825609692959
56 33 0.8685759304189195
56 34 0.949477307304657
56 35 1.0151586280184515
56 36 1.0831361528680938
56 37 1.1197895245367824
56 38 1.2356132192929359
56 39 1.233795645460153
56 40 1.3273483449605707
57 0 5.841146842112939e-09
57 1 1.2747620102420776e-08
57 2 1.4553738034187519e-08
57 3 1.5980215051330187e-08
57 4 2.3455376105961646e-08
57 5 2.2232040777712902e-08
57 6 3.307506281670247e-08
57 7 5.142809541382524e-08
57 8 4.387865982714479e-05
57 9 2.9548104366735827e-05
57 10 6.214038022341404e-05
57 11 0.0001566122015651737
57 12 0.00040477021205408137
57 13 0.0007562999215111178
57 14 0.001716621936237376
57 15 0.003344412861085715
57 16 0.006124185703818968
57 17 0.012549434860048902
57 18 0.02300154570077033
57 19 0.04103550249126356
57 20 0.06160366511938605
57 21 0.08065952676965438
57 22 0.09509487881702401
57 23 0.1172244092192995
57 24 0.14460533627908512
57 25 0.17835857531919536
57 26 0.22550199780461444
57 27 0.28541570176042413
57 28 0.4477921269627819
57 29 0.664726435308024
57 30 0.7061762468850363
57 31 0.7640993913389211
57 32 0.8311474142547584
57 33 0.8998193944148496
57 34 0.9390987559433588
57 35 0.9974049305317171
57 36 1.0483653161616966
57 37 1.116154859458319
57 38 1.1900112899335658
57 39 1.270886318980819
57 40 1.31930697504818
58 0 6.421788502011192e-09
58 1 1.3771899336263954e-08
58 2 1.5867223299582008e-08
58 3 1.7456314807517396e-08
58 4 2.1794123712055996e-08
58 5 2.122265462602054e-08
58 6 3.616255859690292e-08
58 7 1.55412162648959e-05
58 8 5.6546959276231966e-05
58 9 2.8370410893650906e-05
58 10 5.124254829381435e-05
58 11 0.00018757102593379297
58 12 0.0004382721556718688
58 13 0.0010684169117041967
58 14 0.0017613316435811915
58 15 0.004141340424810995
58 16 0.007604136800084328
58 17 0.014910221777014116
58 18 0.029565495384742256
58 19 0.046229715551229116
58 20 0.0631880479631001
58 21 0.08092543004617773
58 22 0.10046655691975814
58 23 0.12084302858807228
58 24 0.1446280945631036
58 25 0.18080604563179004
58 26 0.22655890393689415
58 27 0.3016461288860375
58 28 0.4975732118763206
58 29 0.648892623926857
58 30 0.7135752338136478
58 31 0.7855620335713296
58 32 0.8313039966901217
58 33 0.897334356794202
58 34 0.9352619500081055
58 35 1.0095754654316083
58 36 1.0404881817505165
58 37 1.0968033421387227
58 38 1.1901121847112355
58 39 1.22605657794098
58 40 1.3132765226329406
59 0 6.524918208497182e-09
59 1 1.4733307844423322e-08
59 2 1.735829306685337e-08
59 3 1.9703877882700902e-08
59 4 4.608585369163452e-05
59 5 6.32929200697704e-06
59 6 1.7098656852737185e-05
59 7 3.1401741583937e-06
59 8 2.1352197694982223e-05
59 9 8.144398214933143e-05
59 10 0.0001941367588832514
59 11 0.0002386515136512584
59 12 0.0007265484293339347
59 13 0.0011913074373810276
59 14 0.0032075156956556535
59 15 0.00501591636952984
59 16 0.009607263759526176
59 17 0.019186314112508773
59 18 0.03482812495356784
59 19 0.0517646602430214
59 20 0.0652711187974831
59 21 0.08137529912019877
59 22 0.10186008747433455
59 23 0.12372177935377547
59 24 0.15083616845787834
59 25 0.1875935177756242
59 26 0.24566025099045224
59 27 0.308028086368257
59 28 0.6010799510261609
59 29 0.685682973545758
59 30 0.7123535345200753
59 31 0.7582016788103149
59 32 0.8273624394295597
59 33 0.8931949689782974
59 34 0.9193868612601683
59 35 1.004730462422496
59 36 1.0419266987343998
59 37 1.1110669232457229
59 38 1.201622780197825
59 39 1.2856877724211908
59 40 1.316769820293013
60 0 7.301053709641793e-09
60 1 1.562392448255791e-08
60 2 1.980070850501204e-08
60 3 2.015303695708081e-08
60 4 2.24289177071486e-08
60 5 1.5168472188297175e-07
60 6 3.997493207299341e-08
60 7 2.9720713118516075e-06
60 8 6.881602089434363e-05
60 9 8.265408412119872e-05
60 10 0.00022708325513991695
60 11 0.0005612488227617412
60 12 0.001045485862238789
60 13 0.0019636171642589233
60 14 0.0035114744150032836
60 15 0.005531764453399653
60 16 0.011433694457465057
60 17 0.02455650440692497
60 18 0.03834577590090288
60 19 0.0522294467655729
60 20 0.0709210041229644
60 21 0.08566052824088906
60 22 0.10546138634248928
60 23 0.12642051253255307
60 24 0.16027757167364778
60 25 0.1846629158940179
60 26 0.25326734751587243
60 27 0.32074818490652884
60 28 0.6125710798889852
60 29 0.6483724852798591
60 30 0.705387540948077
60 31 0.7873149364741636
60 32 0.8268125257360042
60 33 0.8708823939355896
60 34 0.9438111688558479
60 35 0.9919849413531446
60 36 1.0557843074492572
60 37 1.1184758106189843
60 38 1.199458094681874
60 39 1.2912931326239525
60 40 1.3231529704296043
61 0 8.35744080681917e-09
61 1 1.6488028102365048e-08
61 2 2.358894662584374e-08
61 3 2.2803338120765773e-08
61 4 9.317689846177558e-06
61 5 7.184049544419388e-08
61 6 1.4129486359950773e-05
61 7 7.701448354403458e-05
61 8 7.94377361416394e-05
61 9 8.065849388062529e-05
61 10 0.00023900028275934638
61 11 0.0006667556580409153
61 12 0.0011607165979829893
61 13 0.00206681785769569
61 14 0.00424988324593661
61 15 0.00777662241273994
61 16 0.01512679074810247
61 17 0.029388457501776516
61 18 0.041590604272843175
61 19 0.058395742586266806
61 20 0.07313116806481203
61 21 0.088237936537395
61 22 0.11107841498921389
61 23 0.12650820431382306
61 24 0.16208568039961505
61 25 0.1938468483909209
61 26 0.24472215377705125
61 27 0.34109335630259136
61 28 0.6139362056514954
61 29 0.6345684617758102
61 30 0.6809517739218832
61 31 0.7688375909672491
61 32 0.8136582577421851
61 33 0.8689256149527853
61 34 0.9484618580981478
61 35 1.0033237674552082
61 36 1.0537455180829942
61 37 1.1217675542618664
61 38 1.1883009130103583
61 39 1.257862064400186
61 40 1.297727306414395
62 0 9.07776555973647e-09
62 1 1.8553661917026237e-08
62 2 2.324985710768384e-08
62 3 2.4476389620557422e-08
62 4 5.967751601307463e-07
62 5 1.0919401679023217e-05
62 6 3.7105832169344946e-05
62 7 3.947778411998788e-05
62 8 7.44134000816737e-05
62 9 0.0001074491090532748
62 10 0.0002710424977677924
62 11 0.0007002156418275762
62 12 0.0014549171399207634
62 13 0.0026416486739701435
62 14 0.004813553130626421
62 15 0.010606426219696923
62 16 0.019165963475967145
62 17 0.032505482946546684
62 18 0.04680376918277281
62 19 0.06239824882656862
62 20 0.07415974425765247
62 21 0.09397502163871521
62 22 0.11111575053253378
62 23 0.13480426983142546
62 24 0.16077944995936194
62 25 0.197816137649703
62 26 0.2589567156269439
62 27 0.3798514814759008
62 28 0.5982649807809723
62 29 0.6641445214135993
62 30 0.7395185432518571
62 31 0.7687581786521523
62 32 0.8245304291095684
62 33 0.8828815107887312
62 34 0.9713638329141504
62 35 1.0120023128673579
62 36 1.0832264855896607
62 37 1.1131279204114566
62 38 1.1975563092852584
62 39 1.2171607815306902
62 40 1.34459390363483
63 0 9.062769501994658e-09
63 1 2.0078260975266744e-08
63 2 2.7636647744778205e-08
63 3 3.3222747607582244e-06
63 4 3.292099975053588e-08
63 5 1.8148121003508205e-05
63 6 2.2819235504316267e-05
63 7 8.47097723405472e-05
63 8 0.00017716337139180025
63 9 0.000266889254196224
63 10 0.0003965994168675553
63 11 0.0009629391899608974
63 12 0.001967462325259806
63 13 0.0032768746829090886
63 14 0.006666418672586169
63 15 0.012592322683231369
63 16 0.023159402580684853
63 17 0.035092288468412246
63 18 0.04881998792336534
63 19 0.06253671268823544
63 20 0.07839282791637488
63 21 0.09404015732594265
63 22 0.11362730596331899
63 23 0.13654406020487614
63 24 0.16844840444084633
63 25 0.2072994094393528
63 26 0.2739588189489652
63 27 0.4183853232880156
63 28 0.5893715619319765
63 29 0.668070354955047
63 30 0.7062036404114141
63 31 0.7792366455328256
63 32 0.8040439548990609
63 33 0.9024748758822522
63 34 0.9310110229407362
63 35 0.97619491789116
63 36 1.054880729287737
63 37 1.1127346530734992
63 38 1.2167454047589723
63 39 1.2662634393711938
63 40 1.2905478107534032
64 0 1.0299334182870996e-08
64 1 2.286782598809311e-08
64 2 3.3877774724526375e-08
64 3 2.883766379186513e-08
64 4 1.132739978286378e-05
64 5 4.323927488124109e-06
64 6 5.227451172583827e-06
64 7 6.933559701454742e-05
64 8 0.00020477968430224758
64 9 0.0002716068395049445
64 10 0.0007133993018103507
64 11 0.0013694964988400676
64 12 0.002415911870205486
64 13 0.004168098279106703
64 14 0.008416766934718498
64 15 0.015434358893434632
64 16 0.026489329263068528
64 17 0.03928604704058676
64 18 0.05193078849575073
64 19 0.06729954785973057
64 20 0.0834730565582262
64 21 0.09788925254128286
64 22 0.1187246330562212
64 23 0.1388652212741165
64 24 0.17231602075706096
64 25 0.21766097938375373
64 26 0.2763110657520222
64 27 0.5165317181981535
64 28 0.6286039156801088
64 29 0.6473200288204247
64 30 0.7132481552464401
64 31 0.74173069601427
64 32 0.8200295825367415
64 33 0.9058287214074491
64 34 0.911447873121293
64 35 0.9846264535333412
64 36 1.035409142531624
64 37 1.136925053217351
64 38 1.1708527330448075
64 39 1.206976900528697
64 40 1.2956867783920174
65 0 1.1061294237582003e-08
65 1 2.2661259368686426e-08
65 2 3.386204486733745e-08
65 3 6.372913446524232e-07
65 4 3.069134508405625e-06
65 5 6.228289453730686e-06
65 6 4.030890046915502e-05
65 7 8.94725534687568e-05
65 8 0.00013973894898611382
65 9 0.00024008777782622457
65 10 0.0006850976059107353
65 11 0.0013987437451963348
65 12 0.002836861917152982
65 13 0.006082361188665677
65 14 0.01033877149485272
65 15 0.020449960684943966
65 16 0.031029995492894046
65 17 0.042121597701000636
65 18 0.05705231689736878
65 19 0.06946602947621831
65 20 0.08359626657350859
65 21 0.09813302025321202
65 22 0.1246117260077802
65 23 0.1472114283275957
65 24 0.17199353604959897
65 25 0.22387078862649337
65 26 0.3061837362157466
65 27 0.5612544110771402
65 28 0.5977712867846423
65 29 0.6447736921003616
65 30 0.7062904550514791
65 31 0.7646447074078373
65 32 0.7948154726502413
65 33 0.8767941853790342
65 34 0.9446525131097331
65 35 1.0333643174343736
65 36 1.0901095309237645
65 37 1.1167656631395744
65 38 1.1514847109421966
65 39 1.283861759893737
65 40 1.3085947869251837
66 0 1.4192823724928964e-08
66 1 2.5995495587295473e-08
66 2 3.175625272153339e-08
66 3 5.202805276375557e-07
66 4 4.4170475302985194e-08
66 5 5.835778347136656e-06
66 6 3.570145946489895e-05
66 7 0.00011162934072789591
66 8 0.00028343918502669185
66 9 0.0003937302599197189
66 10 0.001156771023122673
66 11 0.0017766139482100318
66 12 0.0035073208398766894
66 13 0.007392704025326336
66 14 0.014011772820174639
66 15 0.023274104882920567
66 16 0.03255637037455946
66 17 0.04638212687342949
66 18 0.058942372015162676
66 19 0.06956802865363641
66 20 0.08534751441347968
66 21 0.10130240048135589
66 22 0.1250479756786873
66 23 0.14427171058644886
66 24 0.18331867525213147
66 25 0.2300077010694842
66 26 0.3283690751589316
66 27 0.5518648550725216
66 28 0.6106321986305436
66 29 0.6678690883002805
66 30 0.7205391130993674
66 31 0.776747325629899
66 32 0.7995543455315517
66 33 0.8712681571852631
66 34 0.961781717591413
66 35 1.017932012475661
66 36 1.0426676388714746
66 37 1.1314391600026574
66 38 1.180707516138842
66 39 1.2439280061651619
66 40 1.3298378894371132
67 0 1.4964254636157728e-08
67 1 5.2366604169910476e-08
67 2 4.847954221175968e-06
67 3 1.2147772221002469e-05
67 4 1.0595861789823593e-05
67 5 3.571493707856483e-05
67 6 4.187437635126128e-05
67 7 0.00012017681281846562
67 8 0.00030666225459062
67 9 0.0005112028474203059
67 10 0.0012011192585665836
67 11 0.0021996416202162508
67 12 0.004544357165315168
67 13 0.008258643467238874
67 14 0.016924452262495383
67 15 0.02684914126939847
67 16 0.03611061274026488
67 17 0.047865977517307826
67 18 0.059338010611180915
67 19 0.07472934356713862
67 20 0.08959647475607777
67 21 0.105982566752446
67 22 0.12685959590942647
67 23 0.1522145983814517
67 24 0.18344246227225203
67 25 0.24341462608715891
67 26 0.3671817672357702
67 27 0.5541141722411465
67 28 0.6124261311694867
67 29 0.6587650223124754
67 30 0.712100841240116
67 31 0.7693957096231064
67 32 0.8297655096074151
67 33 0.8674890264855835
67 34 0.9637959624999141
67 35 1.0057471553444406
67 36 1.0596137907126741
67 37 1.120225568042615
67 38 1.1794885051777635
67 39 1.2417327212540943
67 40 1.3634559638233021
68 0 6.220133847219649e-08
68 1 2.7176913556021415e-08
68 2 3.513731861181252e-08
68 3 2.3407334470149603e-05
68 4 8.390753812197229e-06
68 5 7.257454459354742e-05
68 6 5.8520580468293084e-05
68 7 0.00011398284516080204
68 8 0.0002548170119568426
68 9 0.0006732908140802465
68 10 0.0015097670605799885
68 11 0.0028029303677927376
68 12 0.005184909051419775
68 13 0.010478952761748535
68 14 0.020181583410072444
68 15 0.028830876412234467
68 16 0.03958727413057029
68 17 0.04849421719176112
68 18 0.06291035268069067
68 19 0.07558152890267589
68 20 0.09032009046975617
68 21 0.10529621205829298
68 22 0.12808494812979504
68 23 0.16192125280802608
68 24 0.19670055826185834
68 25 0.24662937128999834
68 26 0.4240070563770838
68 27 0.5645707293092764
68 28 0.6028808005284408
68 29 0.6598980460627497
68 30 0.7199124774817718
68 31 0.7837861152960053
68 32 0.8411105328272477
68 33 0.8511370537093288
68 34 0.9372538734846606
68 35 0.9972996309642266
68 36 1.074970400608164
68 37 1.1357837253348713
68 38 1.1710965938958644
68 39 1.216552055103901
68 40 1.3550814115329364
69 0 1.422328973340747e-08
69 1 3.638194080922951e-08
69 2 3.641376536615626e-08
69 3 2.1387925830362093e-05
69 4 1.4163299641421611e-05
69 5 4.6098491784077076e-05
69 6 0.00010487788481465911
69 7 0.00020487596436964326
69 8 0.000295072117037319
69 9 0.0009704653398386472
69 10 0.0018048886972399688
69 11 0.002991823109659775
69 12 0.00625900378354419
69 13 0.013119670819493633
69 14 0.021974290694542747
69 15 0.03172680351895668
69 16 0.04184092333275662
69 17 0.05182739452285929
69 18 0.06390298672119284
69 19 0.0779247434501533
69 20 0.09442783863824901
69 21 0.11158988295192249
69 22 0.1372302350046981
69 23 0.16070684402136165
69 24 0.20369118015977314
69 25 0.2813475595944413
69 26 0.5012932766702024
69 27 0.5543311751367893
69 28 0.6043865264031807
69 29 0.6418881757690522
69 30 0.7236878696163529
69 31 0.7724829073186427
69 32 0.8247324025155359
69 33 0.8827735082037158
69 34 0.9536941195579502
69 35 0.9605337905352975
69 36 1.07585915502104
69 37 1.1137065154674888
69 38 1.2110943743107692
69 39 1.239149461991485
69 40 1.3257266769489566
70 0 1.4139166644867908e-08
70 1 2.0107606097540452e-07
70 2 6.539212898747587e-06
70 3 1.0721471911317032e-05
70 4 1.7429574658238575e-05
70 5 3.195814250810742e-05
70 6 0.0001307015759290387
70 7 0.00022919270402373866
70 8 0.00045532315652510694
70 9 0.000905966590315066
70 10 0.00195758836936941
70 11 0.0037955283435158953
70 12 0.00722913514363894
70 13 0.014218073264648138
70 14 0.02331959362308484
70 15 0.032300087892684834
70 16 0.042547491631368575
70 17 0.05524167052260878
70 18 0.06613735375496037
70 19 0.07956268860118505
70 20 0.09549079789407681
70 21 0.11221763806121848
70 22 0.1356251831880477
70 23 0.1664055094054368
70 24 0.20844881726702716
70 25 0.29865402644220895
70 26 0.5096146428855831
70 27 0.5651686271061268
70 28 0.6035653353823369
70 29 0.6568792879677464
70 30 0.7040076023024172
70 31 0.7815870245988707
70 32 0.8263990169739561
70 33 0.8869953731934421
70 34 0.9483622439013448
70 35 0.9968282949515905
70 36 1.0729678080196454
70 37 1.1210784109084702
70 38 1.1984360022655707
70 39 1.241628591253282
70 40 1.3115805863670473
71 0 1.8602496218588336e-08
71 1 3.672617619123039e-08
71 2 2.4945781110063192e-05
71 3 1.575187517203367e-05
71 4 2.9465960721547313e-05
71 5 4.925183540353146e-05
71 6 0.00015615608373608137
71 7 0.000337870769234848
71 8 0.0005475918826620222
71 9 0.001263376344765112
71 10 0.0022308286260541697
71 11 0.004890823169837388
71 12 0.008381827842482838
71 13 0.015689652030342765
71 14 0.025100250064724407
71 15 0.03362345604969939
71 16 0.045041098456103434
71 17 0.05579885503919462
71 18 0.06950805951706888
71 19 0.08357176907015641
71 20 0.09607970192979316
71 21 0.11486913689009091
71 22 0.14152579360345305
71 23 0.1718513932475121
71 24 0.22689626583436948
71 25 0.34546911161269955
71 26 0.5100032404476504
71 27 0.5676171351606261
71 28 0.6046888039289902
71 29 0.6784415744005248
71 30 0.699426786592644
71 31 0.7766454093205646
71 32 0.7910556606748335
71 33 0.8831658697980478
71 34 0.937028970100257
71 35 1.0175483509267589
71 36 1.0197290895503428
71 37 1.1522922723649132
71 38 1.1593170874385201
71 39 1.2699545555107616
71 40 1.3399749585417489
72 0 6.143376796155653e-08
72 1 7.481781095063533e-06
72 2 2.0062044029770254e-06
72 3 1.3139570504720426e-05
72 4 4.041910993428446e-05
72 5 5.256593186261111e-05
72 6 0.00019591504423079945
72 7 0.0003779935287905869
72 8 0.0007486191330806856
72 9 0.0012751706315498681
72 10 0.0027568570079927264
72 11 0.005066903158140821
72 12 0.010909621248374562
72 13 0.017585355418991803
72 14 0.025991349128566345
72 15 0.03425476620119204
72 16 0.04580486499923143
72 17 0.05741327658882096
72 18 0.07004642111256493
72 19 0.08290860235792713
72 20 0.09888197471584093
72 21 0.12061614025658147
72 22 0.14345320484586085
72 23 0.17941918191936654
72 24 0.24048483541189175
72 25 0.3987129531495516
72 26 0.5279559289061861
72 27 0.5490180745232223
72 28 0.6162605440273959
72 29 0.6547434300703912
72 30 0.694372368777183
72 31 0.7759427517724967
72 32 0.8437977701419671
72 33 0.8775765832655416
72 34 0.9436471276896449
72 35 0.9985742643801377
72 36 1.0790956995633039
72 37 1.1228970913068201
72 38 1.1940391945025266
72 39 1.234662103227142
72 40 1.2903129452024178
73 0 9.00780854674017e-07
73 1 8.116671806361479e-08
73 2 3.0230157308416752e-06
73 3 2.473733132968649e-05
73 4 2.015180510008235e-05
73 5 0.00010877335070084634
73 6 0.00018179061499557224
73 7 0.0003358409884344933
73 8 0.0007032408402470246
73 9 0.0013863010827425454
73 10 0.0031144655552541706
73 11 0.00545612398911541
73 12 0.011833710881483788
73 13 0.018922881204718533
73 14 0.026419000741566907
73 15 0.03761797276258874
73 16 0.046520599824269926
73 17 0.060197600066206766
73 18 0.07156881993533731
73 19 0.08425061220057822
73 20 0.10175248092761219
73 21 0.12525949515541368
73 22 0.14970080950927084
73 23 0.19027223739600999
73 24 0.26229170407798663
73 25 0.47638910580813654
73 26 0.5096290867587242
73 27 0.5678699759345567
73 28 0.612460615288782
73 29 0.6609337244141319
73 30 0.7262868779379104
73 31 0.761052486220192
73 32 0.82975473298053
73 33 0.8866701793626572
73 34 0.9306700900469854
73 35 1.0034531311379882
73 36 1.069737817797512
73 37 1.085196061122712
73 38 1.2335664082018658
73 39 1.2368822964815458
73 40 1.2726977481681818
74 0 1.1022531042371226e-06
74 1 4.687742363221777e-06
74 2 1.3913791153909169e-05
74 3 2.2437854367983108e-05
74 4 4.119551492959254e-05
74 5 0.0001561001504096895
74 6 0.0002412245814670514
74 7 0.00045594499615181404
74 8 0.0010109471662833429
74 9 0.0018385284872008648
74 10 0.0035535890270179072
74 11 0.007049470963035724
74 12 0.0130598520646315
74 13 0.019214881152529752
74 14 0.028335148900372673
74 15 0.03776498407938755
74 16 0.048581648308106455
74 17 0.06121594747358489
74 18 0.0733661376193087
74 19 0.09046690962928475
74 20 0.1038418435610322
74 21 0.12895524894134086
74 22 0.16041474179296394
74 23 0.1935677784637854
74 24 0.2893316367586435
74 25 0.4866375604310995
74 26 0.5155535912953988
74 27 0.5751321379195733
74 28 0.6004912355451756
74 29 0.6490507897852621
74 30 0.7105505601582691
74 31 0.7610664893117782
74 32 0.8127183924614189
74 33 0.8864593749678699
74 34 0.9448878144007582
74 35 0.9782736120490217
74 36 1.0621131634858496
74 37 1.1501883965138822
74 38 1.2154029701305284
74 39 1.2373589255091173
74 40 1.2846191059294112
